  1	19980101T0900	  1.80	 -0.30
  2	19980101T2100	  7.70	  1.60
  3	19980102T0900	  6.80	  3.90
  4	19980102T2100	  6.50	  3.80
  5	19980103T0900	  9.70	  4.80
  6	19980103T2100	  6.50	  0.20
  7	19980104T0900	  4.20	  2.30
  8	19980104T2100	  4.80	  0.20
  9	19980105T0900	  3.20	  0.60
 10	19980105T2100	  2.30	 -0.20
 11	19980106T0900	  2.70	  0.00
 12	19980107T0900	  6.70	  2.50
 13	19980107T2100	  4.50	  1.30
 14	19980108T0900	  8.30	  1.90
 15	19980108T2100	  9.50	  8.20
 16	19980109T0900	 11.00	  9.10
 17	19980109T2100	 11.70	  8.10
 18	19980110T0900	 10.70	  9.00
 19	19980110T2100	 14.10	  8.70
 20	19980111T0900	  9.80	  4.10
 21	19980111T2100	 10.60	  4.10
 22	19980112T0900	  7.40	  3.00
 23	19980112T2100	  8.70	  7.30
 24	19980113T0900	  8.50	  7.40
 25	19980113T2100	  7.60	  6.20
 26	19980114T0900	  6.50	  3.10
 27	19980114T2100	  5.10	  2.00
 28	19980115T0900	  8.00	  2.60
 29	19980115T2100	  6.50	  4.10
 30	19980116T0900	  5.80	  3.30
 31	19980116T2100	  6.00	  2.40
 32	19980117T0900	  6.00	  3.40
 33	19980117T2100	  5.80	  4.60
 34	19980118T0900	  5.60	  4.80
 35	19980118T2100	  5.70	  4.20
 36	19980119T0900	  5.00	  1.20
 37	19980119T2100	  1.80	 -0.40
 38	19980120T0900	 -0.30	 -1.90
 39	19980120T2100	  2.90	 -0.70
 40	19980121T0900	  1.00	 -0.10
 41	19980121T2100	  4.50	  0.40
 42	19980122T0900	  5.20	  4.40
 43	19980122T2100	  6.10	  4.60
 44	19980123T0900	  4.60	 -0.60
 45	19980123T2100	 -0.60	 -2.80
 46	19980124T0900	  2.00	 -1.70
 47	19980124T2100	  3.00	  0.60
 48	19980125T0900	  1.00	 -0.30
 49	19980125T2100	  1.80	  0.30
 50	19980126T0900	  0.70	 -0.80
 51	19980126T2100	  1.00	 -0.20
 52	19980127T0900	  0.30	 -0.90
 53	19980127T2100	  0.60	 -2.00
 54	19980128T0900	 -2.00	 -3.50
 55	19980128T2100	  3.00	 -2.50
 56	19980129T0900	  0.40	 -1.70
 57	19980129T2100	  3.40	  0.30
 58	19980130T0900	  2.40	 -0.10
 59	19980130T2100	  4.30	  2.20
 60	19980131T0900	  2.40	  1.70
 61	19980131T2100	  2.70	  0.20
 62	19980201T0900	  0.90	 -3.10
 63	19980201T2100	  4.60	 -2.90
 64	19980202T0900	  2.60	  0.70
 65	19980202T2100	  6.10	  1.50
 66	19980203T0900	  2.50	 -1.50
 67	19980203T2100	  5.70	  0.30
 68	19980204T0900	  4.60	  2.50
 69	19980204T2100	  6.60	  4.60
 70	19980205T0900	  6.00	  3.50
 71	19980205T2100	  8.30	  4.90
 72	19980206T0900	  5.30	  4.30
 73	19980206T2100	  7.10	  4.70
 74	19980207T0900	  5.50	  1.30
 75	19980207T2100	  5.50	  1.90
 76	19980208T0900	  5.70	  2.10
 77	19980208T2100	  8.60	  5.70
 78	19980209T0900	  7.70	  6.60
 79	19980209T2100	  8.40	  7.50
 80	19980210T0900	  7.70	  6.60
 81	19980210T2100	  9.00	  7.70
 82	19980211T0900	  9.20	  7.00
 83	19980211T2100	 10.90	  9.00
 84	19980212T0900	 10.70	  9.40
 85	19980212T2100	 11.30	  9.20
 86	19980213T0900	 10.40	  8.90
 87	19980213T2100	 12.60	  7.60
 88	19980214T0900	  8.70	  5.70
 89	19980214T2100	 14.60	  8.70
 90	19980215T0900	 11.10	  9.10
 91	19980215T2100	 15.10	  9.30
 92	19980216T0900	  9.30	  6.10
 93	19980216T2100	  8.60	  6.30
 94	19980217T0900	  6.40	  2.20
 95	19980217T2100	  9.60	  4.40
 96	19980218T0900	  5.60	 -0.60
 97	19980218T2100	  9.40	  2.70
 98	19980219T0900	  8.80	  3.80
 99	19980219T2100	  8.90	  7.60
100	19980220T0900	  9.10	  7.30
101	19980220T2100	 13.10	  8.70
102	19980221T0900	 10.10	  5.50
103	19980221T2100	  8.20	  3.50
104	19980222T0900	  4.20	  1.20
105	19980222T2100	  7.70	  3.10
106	19980223T0900	  7.90	  5.00
107	19980223T2100	  9.10	  7.80
108	19980224T0900	  8.60	  5.50
109	19980224T2100	 11.00	  4.00
110	19980225T0900	  6.40	  3.50
111	19980225T2100	  8.20	  5.50
112	19980226T0900	  6.50	  5.20
113	19980226T2100	  7.90	  5.90
114	19980227T0900	  6.30	  4.20
115	19980227T2100	  7.70	  3.50
116	19980228T0900	  4.40	 -0.40
117	19980228T2100	  3.20	 -0.40
118	19980301T0900	  2.70	  0.20
119	19980301T2100	  6.90	  2.00
120	19980302T0900	  5.70	  4.70
121	19980302T2100	  8.00	  5.20
122	19980303T0900	 10.70	  7.80
123	19980303T2100	 12.20	  8.10
124	19980304T0900	 10.80	  1.80
125	19980304T2100	  6.50	  1.40
126	19980305T0900	  3.70	  1.90
127	19980305T2100	  7.40	  3.10
128	19980306T0900	 10.00	  4.40
129	19980306T2100	 10.40	  8.90
130	19980307T0900	  9.30	  7.30
131	19980307T2100	  9.40	  5.90
132	19980308T0900	  6.90	  4.30
133	19980308T2100	  6.90	  2.50
134	19980309T0900	  2.50	  0.40
135	19980309T2100	  7.70	  2.10
136	19980310T0900	  4.30	 -0.40
137	19980310T2100	  8.50	  4.30
138	19980311T0900	  8.00	  3.50
139	19980311T2100	  7.10	  2.70
140	19980312T0900	  3.40	  0.70
141	19980312T2100	  7.70	  2.30
142	19980313T0900	  7.30	  6.50
143	19980313T2100	  8.70	  6.20
144	19980314T0900	  7.20	  6.20
145	19980314T2100	 11.30	  6.80
146	19980315T0900	  7.50	  6.80
147	19980315T2100	  9.40	  5.80
148	19980316T0900	  6.50	  5.40
149	19980316T2100	  8.40	  6.40
150	19980317T0900	  8.10	  6.90
151	19980317T2100	  9.80	  7.20
152	19980318T0900	  8.50	  5.10
153	19980318T2100	 11.80	  6.50
154	19980319T0900	  6.60	  1.90
155	19980319T2100	 11.00	  3.70
156	19980320T0900	  7.10	  3.50
157	19980320T2100	  9.10	  6.60
158	19980321T0900	  6.90	  5.90
159	19980321T2100	  9.20	  6.80
160	19980322T0900	  6.80	  2.40
161	19980322T2100	 10.00	  4.30
162	19980323T0900	  6.30	  4.60
163	19980323T2100	  7.60	  5.10
164	19980324T0900	  5.10	  3.50
165	19980324T2100	  7.10	  4.90
166	19980325T0900	  7.60	  6.60
167	19980325T2100	  9.20	  7.00
168	19980326T0900	  9.30	  8.40
169	19980326T2100	 10.00	  8.60
170	19980327T0900	  9.80	  6.20
171	19980327T2100	 11.80	  8.70
172	19980328T0900	  8.70	  7.20
173	19980328T2100	 14.90	  8.60
174	19980329T0900	 10.00	  7.40
175	19980330T0900	 12.50	  9.00
176	19980331T0900	 10.40	  5.00
177	19980331T0900	 11.50	  5.00
178	19980401T0900	  9.50	  6.00
179	19980401T2100	  7.80	  6.20
180	19980402T0900	  7.30	  5.70
181	19980402T2100	 10.80	  6.60
182	19980403T0900	  7.80	  4.20
183	19980403T2100	  9.80	  5.70
184	19980404T0900	  7.30	  5.90
185	19980404T2100	  8.60	  6.10
186	19980405T0900	  7.40	  5.60
187	19980405T2100	  8.50	  5.50
188	19980406T0900	  8.20	  4.80
189	19980406T2100	 10.60	  4.90
190	19980407T0900	  7.40	  1.30
191	19980407T2100	 10.70	  6.00
192	19980408T0900	  6.50	  3.70
193	19980408T2100	  6.80	  2.40
194	19980409T0900	  4.60	  3.10
195	19980409T2100	  5.10	  2.60
196	19980410T0900	  2.70	  0.40
197	19980410T2100	  3.80	  0.10
198	19980411T0900	  0.30	 -0.60
199	19980411T2100	  3.50	  0.00
200	19980412T0900	  3.10	 -1.40
201	19980412T2100	  4.90	 -0.30
202	19980413T0900	  3.40	 -0.90
203	19980413T2100	  5.40	  0.10
204	19980414T0900	  3.00	 -1.30
205	19980414T2100	  5.60	  0.20
206	19980415T0900	  0.40	 -1.30
207	19980415T2100	  5.10	  0.30
208	19980416T0900	  2.80	  0.30
209	19980416T2100	  6.70	  2.60
210	19980417T0900	  4.70	  1.50
211	19980417T2100	  7.30	  3.20
212	19980418T0900	  6.60	  1.30
213	19980418T2100	  9.90	  4.20
214	19980419T0900	  4.40	  2.10
215	19980419T2100	  6.90	  3.90
216	19980420T0900	  7.40	  6.00
217	19980420T2100	  9.80	  3.90
218	19980421T0900	  6.20	  3.60
219	19980421T2100	  8.50	  6.20
220	19980422T0900	 10.30	  7.80
221	19980422T2100	 12.40	  8.70
222	19980423T0900	  8.70	  6.70
223	19980423T2100	  9.40	  7.50
224	19980424T0900	  8.80	  6.60
225	19980424T2100	 12.30	  7.80
226	19980425T0900	  8.60	  5.90
227	19980425T2100	 12.60	  6.90
228	19980426T0900	  7.50	  5.70
229	19980426T2100	  9.00	  4.40
230	19980427T0900	  7.60	  4.40
231	19980427T2100	  9.60	  5.40
232	19980428T0900	  7.40	  1.00
233	19980428T2100	 11.30	  5.80
234	19980429T0900	  9.30	  4.60
235	19980429T2100	 12.50	  8.70
236	19980430T0900	  9.80	  6.70
237	19980430T2100	 10.80	  6.40
238	19980501T0900	  8.50	  3.30
239	19980501T2100	 12.50	  6.90
240	19980502T0900	 10.50	  4.80
241	19980502T2100	 12.40	  8.40
242	19980503T0900	  8.40	  6.20
243	19980503T2100	 11.70	  5.40
244	19980504T0900	  9.10	  2.90
245	19980504T2100	 12.60	  7.70
246	19980505T0900	  7.90	  5.70
247	19980505T2100	  9.00	  6.90
248	19980506T0900	  9.00	  7.70
249	19980506T2100	 10.20	  8.80
250	19980507T0900	 10.70	  8.50
251	19980507T2100	 12.10	  9.40
252	19980508T0900	 11.50	  8.90
253	19980508T2100	 16.40	 11.40
254	19980509T0900	 14.00	 10.50
255	19980509T2100	 15.10	  8.70
256	19980510T0900	  8.70	  5.60
257	19980510T2100	 10.50	  8.10
258	19980511T0900	  8.30	  6.80
259	19980511T2100	  9.40	  7.10
260	19980512T0900	  8.80	  7.10
261	19980512T2100	 14.20	  8.20
262	19980513T0900	 12.40	 10.50
263	19980513T2100	 18.40	 11.20
264	19980514T0900	 15.90	 13.70
265	19980514T2100	 19.60	 14.30
266	19980515T0900	 15.40	 12.70
267	19980515T2100	 20.30	 14.30
268	19980516T0900	 15.50	  9.20
269	19980516T2100	 19.80	 14.50
270	19980517T0900	 14.80	  7.90
271	19980517T2100	 17.60	 12.50
272	19980518T0900	 15.60	  7.30
273	19980518T2100	 18.70	 14.20
274	19980519T0900	 18.70	  9.10
275	19980519T2100	 20.80	 13.40
276	19980520T0900	 19.10	  9.50
277	19980520T2100	 21.50	 14.60
278	19980521T0900	 14.80	  9.10
279	19980521T2100	 16.50	  9.40
280	19980522T0900	 13.40	  7.20
281	19980522T2100	 16.60	  9.80
282	19980523T0900	 12.30	  7.40
283	19980523T2100	 13.10	 10.50
284	19980524T0900	 12.50	  8.60
285	199805242100	 16.10	 11.20
286	19980525T0900	 12.10	  9.90
287	19980525T2100	 14.00	 10.00
288	19980526T0900	 10.10	  7.30
289	19980526T2100	 11.90	  6.80
290	19980527T0900	  7.20	  3.60
291	19980527T2100	 10.90	  5.60
292	19980528T0900	  8.80	  5.30
293	19980528T2100	 12.90	  8.50
294	19980529T0900	 10.60	  8.10
295	19980529T2100	 16.30	 10.60
296	19980530T0900	 14.00	  4.60
297	19980530T2100	 17.80	 11.50
298	19980531T0900	 11.80	  8.40
299	19980531T2100	 16.50	  9.10
300	19980601T0900	 13.00	  6.60
301	19980601T2100	 16.00	 10.90
302	19980602T0900	 11.60	  8.90
303	19980602T2100	 10.50	  8.80
304	19980603T0900	 10.10	  7.40
305	19980603T2100	 13.20	  7.60
306	19980604T0900	 11.50	  4.40
307	19980604T2100	 14.30	 10.80
308	19980605T0900	 10.80	  8.30
309	19980605T2100	 13.30	  9.30
310	19980606T0900	 11.60	  9.40
311	19980606T2100	 15.60	 11.40
312	19980607T0900	 12.60	  8.90
313	19980607T2100	 14.70	 10.60
314	19980608T0900	 11.30	  7.50
315	19980608T2100	 14.10	  9.90
316	19980609T0900	 13.30	 11.10
317	19980609T2100	 14.60	  9.90
318	19980610T0900	 10.80	  8.90
319	19980610T2100	 14.40	  8.10
320	19980611T0900	  8.10	  4.80
321	19980611T2100	 11.00	  6.90
322	19980612T0900	 10.60	  3.50
323	19980612T2100	 12.80	  8.20
324	19980613T0900	  8.80	  6.60
325	19980613T2100	 13.40	  8.80
326	19980614T0900	 11.30	  9.90
327	19980614T2100	 12.70	  8.90
328	19980615T0900	  8.90	  8.00
329	19980615T2100	 10.80	  8.70
330	19980616T0900	 10.60	  9.00
331	19980616T2100	 14.50	  7.70
332	19980617T0900	 10.50	  7.00
333	19980617T2100	 12.80	 10.20
334	19980618T0900	 13.40	  9.90
335	19980618T2100	 14.80	 13.20
336	19980619T0900	 15.90	 12.40
337	19980619T2100	 22.30	 15.70
338	19980620T0900	 17.80	 13.00
339	19980620T2100	 20.70	 17.10
340	19980621T0900	 20.40	 12.70
341	19980621T2100	 16.20	 10.70
342	19980622T0900	 11.50	  9.80
343	19980622T2100	 13.90	 10.80
344	19980623T0900	 13.70	 10.20
345	19980623T2100	 15.50	 13.20
346	19980624T0900	 14.70	 13.70
347	19980624T2100	 14.90	 11.60
348	19980625T0900	 12.20	  9.50
349	19980625T2100	 15.00	 10.20
350	19980626T0900	 10.70	  9.40
351	19980626T2100	 12.60	 10.40
352	19980627T0900	 11.30	  8.90
353	19980627T2100	 14.00	  9.60
354	19980628T0900	 13.40	  8.30
355	19980628T2100	 15.40	 10.90
356	19980629T0900	 11.50	  9.80
357	19980629T2100	 13.70	 10.90
358	19980630T0900	 12.30	  7.40
359	19980630T2100	 15.50	 10.70
360	19980701T0900	 14.50	  9.10
361	19980701T2100	 16.50	 12.80
362	19980702T0900	 12.80	  9.70
363	19980702T2100	 14.90	  9.70
364	19980703T0900	 15.10	 10.70
365	19980704T0900	 13.10	  9.80
366	19980704T2100	 16.30	 11.90
367	19980705T0900	 14.50	 11.70
368	19980705T2100	 16.90	 12.50
369	19980706T0900	 13.50	 12.20
370	19980706T2100	 16.20	 10.80
371	19980707T0900	 14.60	  9.40
372	19980707T2100	 16.20	  9.60
373	19980708T0900	 12.40	  8.30
374	19980708T2100	 14.60	 11.70
375	19980709T0900	 14.30	 12.10
376	19980709T2100	 16.90	 11.00
377	19980710T0900	 15.00	  9.50
378	19980710T2100	 16.60	 11.90
379	19980711T0900	 13.30	 10.30
380	19980711T2100	 13.40	 12.00
381	19980712T0900	 15.00	 12.20
382	19980712T2100	 15.20	 10.20
383	19980713T0900	 10.80	  8.50
384	19980713T2100	 13.10	  9.70
385	19980714T0900	 12.10	  9.60
386	19980714T2100	 13.50	  9.90
387	19980715T0900	 12.20	  9.80
388	19980715T2100	 15.10	 11.20
389	19980716T0900	 15.20	  8.60
390	19980716T2100	 17.70	 10.90
391	19980717T0900	 12.70	 10.80
392	19980717T2100	 14.90	  9.80
393	19980718T0900	 11.50	  9.50
394	19980718T2100	 14.80	 11.10
395	19980719T0900	 11.80	 10.00
396	19980719T2100	 17.40	 11.60
397	19980720T0900	 15.80	 13.40
398	19980720T2100	 18.10	 14.50
399	19980721T0900	 14.50	 10.80
400	19980721T2100	 15.60	 11.30
401	19980722T0900	 13.30	 10.10
402	19980722T2100	 15.90	 12.60
403	19980723T0900	 13.30	 12.00
404	19980723T2100	 13.90	 11.90
405	19980724T0900	 13.50	  8.90
406	19980725T0900	 14.40	  7.50
407	19980725T2100	 17.40	 11.90
408	19980726T0900	 11.90	  9.60
409	19980726T2100	 13.20	 11.00
410	19980727T0900	 15.40	 10.40
411	19980727T2100	 16.50	 12.40
412	19980728T0900	 13.30	 12.00
413	19980728T2100	 16.70	 12.90
414	19980729T0900	 13.40	 11.70
415	19980729T2100	 15.50	 12.00
416	19980730T0900	 12.20	 11.00
417	19980730T2100	 15.60	 11.60
418	19980731T0900	 12.10	 10.10
419	19980731T2100	 14.90	 10.20
420	19980801T0900	 12.70	  9.70
421	19980801T2100	 14.90	 11.80
422	19980802T0900	 13.10	 10.40
423	19980802T2100	 18.20	 11.80
424	19980803T0900	 12.80	 10.60
425	19980803T2100	 17.30	 12.80
426	19980804T0900	 14.00	  9.30
427	19980804T2100	 16.70	 12.60
428	19980805T0900	 14.70	 10.70
429	19980805T2100	 16.90	 11.00
430	19980806T0900	 12.40	 10.10
431	19980806T2100	 14.70	 12.20
432	19980807T0900	 13.50	 12.70
433	19980807T2100	 17.20	 12.10
434	19980808T0900	 17.40	 11.40
435	19980809T0900	 16.70	 14.50
436	19980809T2100	 21.60	 14.70
437	19980810T0900	 19.20	 13.60
438	19980810T2100	 20.70	 14.90
439	19980811T0900	 18.10	 12.50
440	19980811T2100	 20.60	 15.00
441	19980812T0900	 15.30	 11.10
442	19980812T2100	 15.50	 11.60
443	19980813T0900	 12.50	  9.50
444	19980813T2100	 14.00	 11.40
445	19980814T0900	 15.50	 14.00
446	19980814T2100	 16.60	 13.10
447	19980815T0900	 13.10	  8.60
448	19980815T2100	 16.70	  9.70
449	19980816T0900	 13.30	  9.10
450	19980816T2100	 15.10	 12.90
451	19980817T0900	 15.30	 12.70
452	19980817T2100	 17.50	 12.40
453	19980818T0900	 13.40	  8.00
454	19980818T2100	 17.20	 11.00
455	19980819T0900	 15.30	  7.90
456	19980819T2100	 17.90	 12.70
457	19980820T0900	 13.40	 11.20
458	19980820T2100	 15.20	 11.30
459	19980821T0900	 14.90	 12.60
460	19980821T2100	 14.80	 11.50
461	19980822T0900	 12.40	  9.70
462	19980822T2100	 14.30	  8.60
463	19980823T0900	 12.30	  8.20
464	19980823T2100	 17.00	 11.30
465	19980824T0900	 11.80	 10.60
466	19980824T2100	 15.80	  8.10
467	19980825T0900	 11.70	  6.40
468	19980825T2100	 15.20	 11.40
469	19980826T0900	 14.60	 11.00
470	19980826T2100	 14.10	  8.50
471	19980827T0900	 13.00	  7.30
472	19980827T2100	 16.60	  9.00
473	19980828T0900	 12.90	  8.30
474	19980828T2100	 15.30	 10.10
475	19980829T0900	 14.60	  8.90
476	19980829T2100	 17.90	 11.90
477	19980830T0900	 13.70	  8.20
478	19980830T2100	 18.80	 13.60
479	19980831T0900	 15.00	 11.20
480	19980831T2100	 17.00	 12.30
481	19980901T0900	 14.50	 12.40
482	19980901T2100	 18.80	 13.60
483	19980902T0900	 14.50	 10.90
484	19980902T2100	 18.90	 14.10
485	19980903T0900	 14.30	 11.00
486	19980903T2100	 18.30	 10.50
487	19980904T0900	 10.90	  8.00
488	19980904T2100	 14.10	 10.00
489	19980905T0900	 13.20	 12.20
490	19980905T2100	 18.60	 12.60
491	19980906T0900	 13.10	 11.30
492	19980906T2100	 16.90	 12.70
493	19980907T0900	 15.10	 12.70
494	19980907T2100	 16.60	 14.10
495	19980908T0900	 15.00	 12.10
496	19980908T2100	 16.50	 13.40
497	19980909T0900	 14.20	 12.90
498	19980909T2100	 14.30	 12.50
499	19980910T0900	 12.60	 11.90
500	19980910T2100	 12.20	 10.40
501	19980911T0900	 11.00	  6.80
502	19980911T2100	 12.60	  7.10
503	19980912T0900	  8.00	  5.40
504	19980912T2100	 10.30	  6.40
505	19980913T0900	  9.90	  4.90
506	19980913T2100	 12.10	  7.40
507	19980914T0900	  9.80	  7.30
508	19980914T2100	 13.10	  9.10
509	19980915T0900	 11.20	  7.50
510	19980915T2100	 14.80	  8.80
511	19980916T0900	 10.40	  7.90
512	19980916T2100	 12.80	  7.70
513	19980917T0900	 11.10	  7.00
514	19980917T2100	 15.00	 10.50
515	19980918T0900	 15.00	 11.50
516	19980918T2100	 16.80	 11.70
517	19980919T0900	 14.20	 10.20
518	19980919T2100	 16.90	 13.90
519	19980920T0900	 16.60	 10.20
520	19980920T2100	 20.40	 13.40
521	19980921T0900	 15.80	 10.20
522	19980921T2100	 13.60	  9.60
523	19980922T0900	 12.30	  9.20
524	19980922T2100	 14.10	  9.50
525	19980923T0900	 11.80	 10.00
526	19980923T2100	 15.80	 11.50
527	19980924T0900	 12.90	  9.90
528	19980924T2100	 14.60	 10.40
529	19980925T0900	 13.30	 10.40
530	19980925T2100	 13.30	 10.40
531	19980926T0900	 13.30	 11.10
532	19980926T2100	 14.40	 11.10
533	19980927T0900	 13.50	 11.20
534	19980927T2100	 13.80	 12.20
535	19980928T0900	 12.80	 11.90
536	19980928T2100	 15.00	  9.90
537	19980929T0900	 11.90	  6.60
538	19980929T2100	 14.10	 11.30
539	19980930T0900	 11.80	  9.90
540	19980930T2100	 14.40	 10.80
541	19981001T0900	 11.50	 10.60
542	19981001T2100	 13.80	 11.30
543	19981002T0900	 11.80	  9.70
544	19981002T2100	 10.80	  7.90
545	19981003T0900	  7.90	  3.60
546	19981003T2100	 11.40	  7.40
547	19981004T0900	  7.90	  7.00
548	19981004T2100	  9.80	  7.10
549	19981005T0900	  7.80	  6.50
550	19981005T2100	 10.40	  7.80
551	19981006T0900	  8.70	  7.90
552	19981006T2100	  9.40	  7.90
553	19981007T0900	  9.10	  6.20
554	19981007T2100	 11.40	  7.20
555	19981008T0900	  7.80	  5.60
556	19981008T2100	 10.80	  4.70
557	19981009T0900	 10.10	  2.50
558	19981009T2100	 13.40	 10.10
559	19981010T0900	 10.80	  8.60
560	19981010T2100	 11.90	  7.30
561	19981011T0900	 13.20	  8.80
562	19981011T2100	 12.20	  8.20
563	19981012T0900	  9.70	  7.00
564	19981012T2100	 11.80	  7.10
565	19981013T0900	 12.00	  7.00
566	19981013T2100	 14.20	 12.00
567	19981014T0900	 14.40	 10.90
568	19981014T2100	 12.60	  7.70
569	19981015T0900	  9.50	  7.70
570	19981015T2100	 11.70	  6.10
571	19981016T0900	  9.40	  4.90
572	19981016T2100	 14.50	  9.40
573	19981017T0900	 11.40	  7.10
574	19981017T2100	  9.10	  3.20
575	19981018T0900	  4.90	  0.20
576	19981018T2100	  9.60	  4.70
577	19981019T0900	  6.60	  4.40
578	19981019T2100	  9.50	  6.00
579	19981020T0900	  7.10	  5.40
580	19981020T2100	 10.20	  6.40
581	19981021T0900	 12.90	  9.70
582	19981021T2100	 13.00	 12.00
583	19981022T0900	 13.70	 12.20
584	19981022T2100	 15.00	 12.30
585	19981023T0900	 13.50	 10.60
586	19981023T2100	 11.00	  4.70
587	19981024T0900	  9.20	  4.40
588	19981024T2100	 11.30	  8.20
589	19981025T0900	  9.60	  5.60
590	19981025T2100	  8.40	  4.90
591	19981026T0900	  6.40	  4.40
592	19981026T2100	  8.60	  5.10
593	19981027T0900	 12.20	  6.40
594	19981027T2100	 12.70	  8.80
595	19981028T0900	 12.40	  6.40
596	19981028T2100	  8.60	  6.40
597	19981029T0900	  7.20	  4.90
598	19981029T2100	  7.80	  4.90
599	19981030T0900	  7.20	  5.10
600	19981030T2100	  8.50	  5.10
601	19981031T0900	  6.70	  5.50
602	19981031T2100	  7.10	  5.40
603	19981101T0900	  5.40	  2.40
604	19981101T2100	  8.00	  3.90
605	19981102T0900	  5.40	  3.70
606	19981102T2100	  6.70	  4.80
607	19981103T0900	  5.30	  4.10
608	19981103T2100	  6.40	  4.30
609	19981104T0900	  4.30	 -0.10
610	19981104T2100	  5.20	  0.50
611	19981105T0900	  6.20	  0.70
612	19981105T2100	  8.00	  5.80
613	19981106T0900	  7.50	  5.00
614	19981106T2100	 10.10	  5.10
615	19981107T0900	  8.10	  5.40
616	19981107T2100	  9.40	  7.50
617	19981108T0900	 10.60	  8.00
618	19981108T2100	 12.50	  9.20
619	19981109T0900	 14.50	  9.40
620	19981109T2100	 10.80	  7.70
621	19981110T0900	  9.10	  4.40
622	19981110T2100	  8.40	  4.30
623	19981111T0900	  5.00	  2.10
624	19981111T2100	  8.10	  3.60
625	19981112T0900	  9.10	  3.60
626	19981112T2100	  7.40	  5.80
627	19981113T0900	  5.80	  3.40
628	19981113T2100	  6.70	  3.50
629	19981114T0900	  4.10	  1.10
630	19981114T2100	  7.00	  4.10
631	19981115T0900	  5.40	  4.00
632	19981115T2100	  7.10	  1.50
633	19981116T0900	  1.70	 -0.70
634	19981116T2100	  6.20	  0.10
635	19981117T0900	  6.50	 -1.80
636	19981117T2100	  2.00	  0.20
637	19981118T0900	  4.20	  0.00
638	19981118T2100	  5.10	  2.50
639	19981119T0900	  3.10	 -1.00
640	19981120T0900	  3.40	  2.20
641	19981120T0900	  5.40	  0.00
642	19981120T2100	  6.30	  2.40
643	19981121T0900	  7.40	  5.10
644	19981121T2100	  7.70	  4.10
645	19981122T0900	  8.40	  2.00
646	19981122T2100	  4.50	  3.30
647	19981123T0900	  4.00	  2.10
648	19981123T2100	  6.60	  2.00
649	19981124T0900	  7.00	  2.40
650	19981124T2100	  8.70	  2.00
651	19981125T0900	  9.00	  1.50
652	19981126T0900	  8.70	  4.00
653	19981127T0900	  9.80	  6.20
654	19981128T0900	 11.00	  6.70
655	19981129T0900	  8.80	  1.70
656	19981130T0900	  7.40	  1.20
657	19981201T0900	  6.80	  3.20
658	19981202T0900	  5.90	  2.30
659	19981203T0900	  5.10	 -1.40
660	19981203T2100	  5.60	 -0.50
661	19981204T0900	  4.00	 -0.30
662	19981204T2100	  3.40	  0.80
663	19981205T0900	  1.80	 -0.60
664	19981205T2100	  4.00	 -2.30
665	19981206T0900	 -0.50	 -3.20
666	19981206T2100	  2.70	 -2.00
667	19981207T0900	  3.80	  2.40
668	19981207T2100	  5.80	  3.00
669	19981208T0900	  9.60	  3.30
670	19981209T0900	  6.70	  1.80
671	19981209T2100	  7.10	  2.90
672	19981210T0900	  9.00	  4.70
673	19981210T2100	  9.40	  6.50
674	19981211T0900	  7.10	  3.50
675	19981211T2100	  8.70	  5.10
676	19981212T0900	 11.20	  6.30
677	19981212T2100	  9.20	  6.20
678	19981213T0900	  8.00	  5.90
679	19981213T2100	 10.50	  6.40
680	19981214T0900	 11.90	 10.50
681	19981214T2100	 12.10	 11.00
682	19981215T0900	 11.00	  6.90
683	19981215T2100	  8.00	  5.40
684	19981216T0900	  6.90	  5.10
685	19981216T2100	  8.90	  6.20
686	19981217T0900	  9.10	  7.90
687	19981217T2100	  9.60	  7.30
688	19981218T0900	  7.70	  4.70
689	19981218T2100	  6.90	  3.20
690	19981219T0900	  5.10	  3.40
691	19981219T2100	  5.60	  1.60
692	19981220T0900	  1.90	 -0.70
693	19981220T2100	  2.00	 -1.30
694	19981221T0900	 -0.70	 -2.90
695	19981221T2100	  4.60	 -1.10
696	19981222T0900	  4.70	  1.10
697	19981222T2100	  5.60	  1.70
698	19981223T0900	  7.80	  2.70
699	19981223T2100	  4.50	  1.40
700	19981224T0900	  2.50	  0.20
701	19981224T2100	  9.40	  2.30
702	19981225T0900	  9.60	  8.20
703	19981225T2100	  8.80	  3.90
704	19981226T0900	  4.40	  2.30
705	19981226T2100	 10.00	  3.50
706	19981227T0900	  5.50	  1.80
707	19981227T2100	  5.70	  2.70
708	19981228T0900	  3.90	  0.30
709	19981228T2100	  3.80	  0.30
710	19981229T0900	  3.00	 -0.30
711	19981229T2100	  6.20	  3.00
712	19981230T0900	  9.00	  6.10
713	19981230T2100	  7.40	  4.10
714	19981231T0900	  5.40	  3.70
715	19981231T2100	  7.00	  4.80
