 ID        IDTYPE  MET_DOM     YEAR   MONTH     DAY  END_HOUR   COUNT     AMT     DUR
 425000    RAIN        NCM     1998       1       1       900      12       0    -999
 425000    RAIN        NCM     1998       1       1      2100      12     146    -999
 425000    RAIN        NCM     1998       1       2       900      12      52    -999
 425000    RAIN        NCM     1998       1       2      2100      12      16    -999
 425000    RAIN        NCM     1998       1       3       900      12     358    -999
 425000    RAIN        NCM     1998       1       3      2100      12      56    -999
 425000    RAIN        NCM     1998       1       4       900      12      66    -999
 425000    RAIN        NCM     1998       1       4      2100      12     208    -999
 425000    RAIN        NCM     1998       1       5       900      12      44    -999
 425000    RAIN        NCM     1998       1       5      2100      12      30    -999
 425000    RAIN        NCM     1998       1       6       900      12      40    -999
 425000    RAIN        NCM     1998       1       6      2100      12    -999    -999
 425000    RAIN        NCM     1998       1       7       900      12      24    -999
 425000    RAIN        NCM     1998       1       7       900      24     148    -999
 425000    RAIN        NCM     1998       1       7      2100      12      66    -999
 425000    RAIN        NCM     1998       1       8       900      12     136    -999
 425000    RAIN        NCM     1998       1       8      2100      12     384    -999
 425000    RAIN        NCM     1998       1       9       900      12      10    -999
 425000    RAIN        NCM     1998       1       9      2100      12       2    -999
 425000    RAIN        NCM     1998       1      10       900      12       0    -999
 425000    RAIN        NCM     1998       1      10      2100      12       0    -999
 425000    RAIN        NCM     1998       1      11       900      12       0    -999
 425000    RAIN        NCM     1998       1      11      2100      12      12    -999
 425000    RAIN        NCM     1998       1      12       900      12       2    -999
 425000    RAIN        NCM     1998       1      12      2100      12     172    -999
 425000    RAIN        NCM     1998       1      13       900      12      60    -999
 425000    RAIN        NCM     1998       1      13      2100      12     138    -999
 425000    RAIN        NCM     1998       1      14       900      12      84    -999
 425000    RAIN        NCM     1998       1      14      2100      12       6    -999
 425000    RAIN        NCM     1998       1      15       900      12     116    -999
 425000    RAIN        NCM     1998       1      15      2100      12      68    -999
 425000    RAIN        NCM     1998       1      16       900      12     136    -999
 425000    RAIN        NCM     1998       1      16      2100      12      34    -999
 425000    RAIN        NCM     1998       1      17       900      12       0    -999
 425000    RAIN        NCM     1998       1      17      2100      12      76    -999
 425000    RAIN        NCM     1998       1      18       900      12     144    -999
 425000    RAIN        NCM     1998       1      18      2100      12     102    -999
 425000    RAIN        NCM     1998       1      19       900      12      24    -999
 425000    RAIN        NCM     1998       1      19      2100      12       0    -999
 425000    RAIN        NCM     1998       1      20       900      12       0    -999
 425000    RAIN        NCM     1998       1      20      2100      12       0    -999
 425000    RAIN        NCM     1998       1      21       900      12      10    -999
 425000    RAIN        NCM     1998       1      21      2100      12      20    -999
 425000    RAIN        NCM     1998       1      22       900      12       6    -999
 425000    RAIN        NCM     1998       1      22      2100      12       6    -999
 425000    RAIN        NCM     1998       1      23       900      12       6    -999
 425000    RAIN        NCM     1998       1      23      2100      12       0    -999
 425000    RAIN        NCM     1998       1      24       900      12       0    -999
 425000    RAIN        NCM     1998       1      24      2100      12       0    -999
 425000    RAIN        NCM     1998       1      25       900      12       0    -999
 425000    RAIN        NCM     1998       1      25      2100      12       0    -999
 425000    RAIN        NCM     1998       1      26       900      12       0    -999
 425000    RAIN        NCM     1998       1      26      2100      12       0    -999
 425000    RAIN        NCM     1998       1      27       900      12       0    -999
 425000    RAIN        NCM     1998       1      27      2100      12       0    -999
 425000    RAIN        NCM     1998       1      28       900      12       0    -999
 425000    RAIN        NCM     1998       1      28      2100      12       0    -999
 425000    RAIN        NCM     1998       1      29       900      12       0    -999
 425000    RAIN        NCM     1998       1      29      2100      12       0    -999
 425000    RAIN        NCM     1998       1      30       900      12       0    -999
 425000    RAIN        NCM     1998       1      30      2100      12       0    -999
 425000    RAIN        NCM     1998       1      31       900      12       2    -999
 425000    RAIN        NCM     1998       1      31      2100      12       0    -999
 425000    RAIN        NCM     1998       2       1       900      12       0    -999
 425000    RAIN        NCM     1998       2       1      2100      12       4    -999
 425000    RAIN        NCM     1998       2       2       900      12       0    -999
 425000    RAIN        NCM     1998       2       2      2100      12       2    -999
 425000    RAIN        NCM     1998       2       3       900      12       2    -999
 425000    RAIN        NCM     1998       2       3      2100      12       0    -999
 425000    RAIN        NCM     1998       2       4       900      12       8    -999
 425000    RAIN        NCM     1998       2       4      2100      12       0    -999
 425000    RAIN        NCM     1998       2       5       900      12       0    -999
 425000    RAIN        NCM     1998       2       5      2100      12       0    -999
 425000    RAIN        NCM     1998       2       6       900      12      10    -999
 425000    RAIN        NCM     1998       2       6      2100      12      44    -999
 425000    RAIN        NCM     1998       2       7       900      12      66    -999
 425000    RAIN        NCM     1998       2       7      2100      12      20    -999
 425000    RAIN        NCM     1998       2       8       900      12       0    -999
 425000    RAIN        NCM     1998       2       8      2100      12       0    -999
 425000    RAIN        NCM     1998       2       9       900      12       2    -999
 425000    RAIN        NCM     1998       2       9      2100      12       2    -999
 425000    RAIN        NCM     1998       2      10       900      12       6    -999
 425000    RAIN        NCM     1998       2      10      2100      12       4    -999
 425000    RAIN        NCM     1998       2      11       900      12       2    -999
 425000    RAIN        NCM     1998       2      11      2100      12       0    -999
 425000    RAIN        NCM     1998       2      12       900      12       0    -999
 425000    RAIN        NCM     1998       2      12      2100      12       0    -999
 425000    RAIN        NCM     1998       2      13       900      12       0    -999
 425000    RAIN        NCM     1998       2      13      2100      12       0    -999
 425000    RAIN        NCM     1998       2      14       900      12       2    -999
 425000    RAIN        NCM     1998       2      14      2100      12       0    -999
 425000    RAIN        NCM     1998       2      15       900      12       0    -999
 425000    RAIN        NCM     1998       2      15      2100      12       6    -999
 425000    RAIN        NCM     1998       2      16       900      12      16    -999
 425000    RAIN        NCM     1998       2      16      2100      12       6    -999
 425000    RAIN        NCM     1998       2      17       900      12       2    -999
 425000    RAIN        NCM     1998       2      17      2100      12       0    -999
 425000    RAIN        NCM     1998       2      18       900      12       2    -999
 425000    RAIN        NCM     1998       2      18      2100      12       0    -999
 425000    RAIN        NCM     1998       2      19       900      12       4    -999
 425000    RAIN        NCM     1998       2      19      2100      12       0    -999
 425000    RAIN        NCM     1998       2      20       900      12       0    -999
 425000    RAIN        NCM     1998       2      20      2100      12       2    -999
 425000    RAIN        NCM     1998       2      21       900      12      54    -999
 425000    RAIN        NCM     1998       2      21      2100      12      38    -999
 425000    RAIN        NCM     1998       2      22       900      12      34    -999
 425000    RAIN        NCM     1998       2      22      2100      12       0    -999
 425000    RAIN        NCM     1998       2      23       900      12       2    -999
 425000    RAIN        NCM     1998       2      23      2100      12       0    -999
 425000    RAIN        NCM     1998       2      24       900      12       0    -999
 425000    RAIN        NCM     1998       2      24      2100      12       0    -999
 425000    RAIN        NCM     1998       2      25       900      12       0    -999
 425000    RAIN        NCM     1998       2      25      2100      12       0    -999
 425000    RAIN        NCM     1998       2      26       900      12       2    -999
 425000    RAIN        NCM     1998       2      26      2100      12      48    -999
 425000    RAIN        NCM     1998       2      27       900      12       0    -999
 425000    RAIN        NCM     1998       2      27      2100      12      70    -999
 425000    RAIN        NCM     1998       2      28       900      12      28    -999
 425000    RAIN        NCM     1998       2      28      2100      12      34    -999
 425000    RAIN        NCM     1998       3       1       900      12      44    -999
 425000    RAIN        NCM     1998       3       1      2100      12      60    -999
 425000    RAIN        NCM     1998       3       2       900      12       2    -999
 425000    RAIN        NCM     1998       3       2      2100      12     112    -999
 425000    RAIN        NCM     1998       3       3       900      12     168    -999
 425000    RAIN        NCM     1998       3       3      2100      12     138    -999
 425000    RAIN        NCM     1998       3       4       900      12     222    -999
 425000    RAIN        NCM     1998       3       4      2100      12      64    -999
 425000    RAIN        NCM     1998       3       5       900      12      24    -999
 425000    RAIN        NCM     1998       3       5      2100      12      20    -999
 425000    RAIN        NCM     1998       3       6       900      12     236    -999
 425000    RAIN        NCM     1998       3       6      2100      12     276    -999
 425000    RAIN        NCM     1998       3       7       900      12     190    -999
 425000    RAIN        NCM     1998       3       7      2100      12      50    -999
 425000    RAIN        NCM     1998       3       8       900      12      20    -999
 425000    RAIN        NCM     1998       3       8      2100      12       8    -999
 425000    RAIN        NCM     1998       3       9       900      12       2    -999
 425000    RAIN        NCM     1998       3       9      2100      12       0    -999
 425000    RAIN        NCM     1998       3      10       900      12       0    -999
 425000    RAIN        NCM     1998       3      10      2100      12      64    -999
 425000    RAIN        NCM     1998       3      11       900      12      60    -999
 425000    RAIN        NCM     1998       3      11      2100      12       2    -999
 425000    RAIN        NCM     1998       3      12       900      12       0    -999
 425000    RAIN        NCM     1998       3      12      2100      12       8    -999
 425000    RAIN        NCM     1998       3      13       900      12       0    -999
 425000    RAIN        NCM     1998       3      13      2100      12       0    -999
 425000    RAIN        NCM     1998       3      14       900      12       0    -999
 425000    RAIN        NCM     1998       3      14      2100      12       0    -999
 425000    RAIN        NCM     1998       3      15       900      12       0    -999
 425000    RAIN        NCM     1998       3      15      2100      12       0    -999
 425000    RAIN        NCM     1998       3      16       900      12       0    -999
 425000    RAIN        NCM     1998       3      16      2100      12       0    -999
 425000    RAIN        NCM     1998       3      17       900      12       0    -999
 425000    RAIN        NCM     1998       3      17      2100      12       0    -999
 425000    RAIN        NCM     1998       3      18       900      12       0    -999
 425000    RAIN        NCM     1998       3      18      2100      12       0    -999
 425000    RAIN        NCM     1998       3      19       900      12       0    -999
 425000    RAIN        NCM     1998       3      19      2100      12       0    -999
 425000    RAIN        NCM     1998       3      20       900      12       0    -999
 425000    RAIN        NCM     1998       3      20      2100      12       0    -999
 425000    RAIN        NCM     1998       3      21       900      12       0    -999
 425000    RAIN        NCM     1998       3      21      2100      12       0    -999
 425000    RAIN        NCM     1998       3      22       900      12       0    -999
 425000    RAIN        NCM     1998       3      22      2100      12       0    -999
 425000    RAIN        NCM     1998       3      23       900      12       0    -999
 425000    RAIN        NCM     1998       3      23      2100      12       0    -999
 425000    RAIN        NCM     1998       3      24       900      12      22    -999
 425000    RAIN        NCM     1998       3      24      2100      12      30    -999
 425000    RAIN        NCM     1998       3      25       900      12      64    -999
 425000    RAIN        NCM     1998       3      25      2100      12      10    -999
 425000    RAIN        NCM     1998       3      26       900      12     144    -999
 425000    RAIN        NCM     1998       3      26      2100      12      44    -999
 425000    RAIN        NCM     1998       3      27       900      12       2    -999
 425000    RAIN        NCM     1998       3      27      2100      12       0    -999
 425000    RAIN        NCM     1998       3      28       900      12       0    -999
 425000    RAIN        NCM     1998       3      28      2100      12       0    -999
 425000    RAIN        NCM     1998       3      29       900      12       0    -999
 425000    RAIN        NCM     1998       3      29      2100      12       0    -999
 425000    RAIN        NCM     1998       3      31       900      12       0    -999
 425000    RAIN        NCM     1998       3      31      2100      12    -999    -999
 425000    RAIN        NCM     1998       4       2       900      12    -999    -999
 425000    RAIN        NCM     1998       4       2      2100      12      42    -999
 425000    RAIN        NCM     1998       4       3       900      12     128    -999
 425000    RAIN        NCM     1998       4       3      2100      12      12    -999
 425000    RAIN        NCM     1998       4       4       900      12      38    -999
 425000    RAIN        NCM     1998       4       4      2100      12      94    -999
 425000    RAIN        NCM     1998       4       5       900      12     178    -999
 425000    RAIN        NCM     1998       4       5      2100      12      22    -999
 425000    RAIN        NCM     1998       4       6       900      12      36    -999
 425000    RAIN        NCM     1998       4       6      2100      12       6    -999
 425000    RAIN        NCM     1998       4       7       900      12       2    -999
 425000    RAIN        NCM     1998       4       7      2100      12       0    -999
 425000    RAIN        NCM     1998       4       8       900      12      10    -999
 425000    RAIN        NCM     1998       4       8      2100      12      72    -999
 425000    RAIN        NCM     1998       4       9       900      12      14    -999
 425000    RAIN        NCM     1998       4       9      2100      12       2    -999
 425000    RAIN        NCM     1998       4      10       900      12       0    -999
 425000    RAIN        NCM     1998       4      10      2100      12       4    -999
 425000    RAIN        NCM     1998       4      11       900      12       2    -999
 425000    RAIN        NCM     1998       4      11      2100      12       4    -999
 425000    RAIN        NCM     1998       4      12       900      12      12    -999
 425000    RAIN        NCM     1998       4      12      2100      12       0    -999
 425000    RAIN        NCM     1998       4      13       900      12       4    -999
 425000    RAIN        NCM     1998       4      13      2100      12      12    -999
 425000    RAIN        NCM     1998       4      14       900      12       8    -999
 425000    RAIN        NCM     1998       4      14      2100      12       2    -999
 425000    RAIN        NCM     1998       4      15       900      12      12    -999
 425000    RAIN        NCM     1998       4      15      2100      12       8    -999
 425000    RAIN        NCM     1998       4      16       900      12       6    -999
 425000    RAIN        NCM     1998       4      16      2100      12       0    -999
 425000    RAIN        NCM     1998       4      17       900      12      54    -999
 425000    RAIN        NCM     1998       4      17      2100      12       0    -999
 425000    RAIN        NCM     1998       4      18       900      12       0    -999
 425000    RAIN        NCM     1998       4      18      2100      12       0    -999
 425000    RAIN        NCM     1998       4      19       900      12       0    -999
 425000    RAIN        NCM     1998       4      19      2100      12     122    -999
 425000    RAIN        NCM     1998       4      20       900      12      18    -999
 425000    RAIN        NCM     1998       4      20      2100      12       0    -999
 425000    RAIN        NCM     1998       4      21       900      12       6    -999
 425000    RAIN        NCM     1998       4      21      2100      12      40    -999
 425000    RAIN        NCM     1998       4      22       900      12      24    -999
 425000    RAIN        NCM     1998       4      22      2100      12      28    -999
 425000    RAIN        NCM     1998       4      23       900      12       4    -999
 425000    RAIN        NCM     1998       4      23      2100      12      72    -999
 425000    RAIN        NCM     1998       4      24       900      12      12    -999
 425000    RAIN        NCM     1998       4      24      2100      12       4    -999
 425000    RAIN        NCM     1998       4      25       900      12      36    -999
 425000    RAIN        NCM     1998       4      25      2100      12      56    -999
 425000    RAIN        NCM     1998       4      26       900      12      44    -999
 425000    RAIN        NCM     1998       4      26      2100      12      40    -999
 425000    RAIN        NCM     1998       4      27       900      12       4    -999
 425000    RAIN        NCM     1998       4      27      2100      12      50    -999
 425000    RAIN        NCM     1998       4      28       900      12       6    -999
 425000    RAIN        NCM     1998       4      28      2100      12      22    -999
 425000    RAIN        NCM     1998       4      29       900      12       0    -999
 425000    RAIN        NCM     1998       4      29      2100      12       2    -999
 425000    RAIN        NCM     1998       4      30       900      12       0    -999
 425000    RAIN        NCM     1998       4      30      2100      12       0    -999
 425000    RAIN        NCM     1998       5       1       900      12       0    -999
 425000    RAIN        NCM     1998       5       1      2100      12       0    -999
 425000    RAIN        NCM     1998       5       2       900      12       0    -999
 425000    RAIN        NCM     1998       5       2      2100      12       0    -999
 425000    RAIN        NCM     1998       5       3       900      12       0    -999
 425000    RAIN        NCM     1998       5       3      2100      12       0    -999
 425000    RAIN        NCM     1998       5       4       900      12       0    -999
 425000    RAIN        NCM     1998       5       4      2100      12       0    -999
 425000    RAIN        NCM     1998       5       5       900      12      10    -999
 425000    RAIN        NCM     1998       5       5      2100      12     100    -999
 425000    RAIN        NCM     1998       5       6       900      12      70    -999
 425000    RAIN        NCM     1998       5       6      2100      12       4    -999
 425000    RAIN        NCM     1998       5       7       900      12      28    -999
 425000    RAIN        NCM     1998       5       7      2100      12      10    -999
 425000    RAIN        NCM     1998       5       8       900      12       2    -999
 425000    RAIN        NCM     1998       5       8      2100      12       0    -999
 425000    RAIN        NCM     1998       5       9       900      12       6    -999
 425000    RAIN        NCM     1998       5       9      2100      12       0    -999
 425000    RAIN        NCM     1998       5      10       900      12       0    -999
 425000    RAIN        NCM     1998       5      10      2100      12      54    -999
 425000    RAIN        NCM     1998       5      11       900      12      34    -999
 425000    RAIN        NCM     1998       5      11      2100      12       8    -999
 425000    RAIN        NCM     1998       5      12       900      12       2    -999
 425000    RAIN        NCM     1998       5      12      2100      12       0    -999
 425000    RAIN        NCM     1998       5      13       900      12       0    -999
 425000    RAIN        NCM     1998       5      13      2100      12       0    -999
 425000    RAIN        NCM     1998       5      14       900      12      18    -999
 425000    RAIN        NCM     1998       5      14      2100      12       0    -999
 425000    RAIN        NCM     1998       5      15       900      12       0    -999
 425000    RAIN        NCM     1998       5      15      2100      12       0    -999
 425000    RAIN        NCM     1998       5      16       900      12       0    -999
 425000    RAIN        NCM     1998       5      16      2100      12       0    -999
 425000    RAIN        NCM     1998       5      17       900      12       0    -999
 425000    RAIN        NCM     1998       5      17      2100      12       0    -999
 425000    RAIN        NCM     1998       5      18       900      12       0    -999
 425000    RAIN        NCM     1998       5      18      2100      12       0    -999
 425000    RAIN        NCM     1998       5      19       900      12       0    -999
 425000    RAIN        NCM     1998       5      19      2100      12       0    -999
 425000    RAIN        NCM     1998       5      20       900      12       0    -999
 425000    RAIN        NCM     1998       5      20      2100      12       0    -999
 425000    RAIN        NCM     1998       5      21       900      12       0    -999
 425000    RAIN        NCM     1998       5      21      2100      12       0    -999
 425000    RAIN        NCM     1998       5      22       900      12       0    -999
 425000    RAIN        NCM     1998       5      22      2100      12       0    -999
 425000    RAIN        NCM     1998       5      23       900      12       0    -999
 425000    RAIN        NCM     1998       5      23      2100      12       2    -999
 425000    RAIN        NCM     1998       5      24       900      12       0    -999
 425000    RAIN        NCM     1998       5      24      2100      12       0    -999
 425000    RAIN        NCM     1998       5      25       900      12       0    -999
 425000    RAIN        NCM     1998       5      25      2100      12       4    -999
 425000    RAIN        NCM     1998       5      26       900      12       0    -999
 425000    RAIN        NCM     1998       5      26      2100      12      42    -999
 425000    RAIN        NCM     1998       5      27       900      12       2    -999
 425000    RAIN        NCM     1998       5      27      2100      12       0    -999
 425000    RAIN        NCM     1998       5      28       900      12       0    -999
 425000    RAIN        NCM     1998       5      28      2100      12       0    -999
 425000    RAIN        NCM     1998       5      29       900      12       0    -999
 425000    RAIN        NCM     1998       5      29      2100      12       0    -999
 425000    RAIN        NCM     1998       5      30       900      12       0    -999
 425000    RAIN        NCM     1998       5      30      2100      12       0    -999
 425000    RAIN        NCM     1998       5      31       900      12      30    -999
 425000    RAIN        NCM     1998       5      31      2100      12       0    -999
 425000    RAIN        NCM     1998       6       1       900      12       0    -999
 425000    RAIN        NCM     1998       6       1      2100      12      78    -999
 425000    RAIN        NCM     1998       6       2       900      12     186    -999
 425000    RAIN        NCM     1998       6       2      2100      12      94    -999
 425000    RAIN        NCM     1998       6       3       900      12       0    -999
 425000    RAIN        NCM     1998       6       3      2100      12       0    -999
 425000    RAIN        NCM     1998       6       4       900      12       0    -999
 425000    RAIN        NCM     1998       6       4      2100      12       0    -999
 425000    RAIN        NCM     1998       6       5       900      12       0    -999
 425000    RAIN        NCM     1998       6       5      2100      12       0    -999
 425000    RAIN        NCM     1998       6       6       900      12      48    -999
 425000    RAIN        NCM     1998       6       6      2100      12      38    -999
 425000    RAIN        NCM     1998       6       7       900      12      64    -999
 425000    RAIN        NCM     1998       6       7      2100      12      14    -999
 425000    RAIN        NCM     1998       6       8       900      12       0    -999
 425000    RAIN        NCM     1998       6       8      2100      12     148    -999
 425000    RAIN        NCM     1998       6       9       900      12      30    -999
 425000    RAIN        NCM     1998       6       9      2100      12      32    -999
 425000    RAIN        NCM     1998       6      10       900      12      52    -999
 425000    RAIN        NCM     1998       6      10      2100      12       2    -999
 425000    RAIN        NCM     1998       6      11       900      12      52    -999
 425000    RAIN        NCM     1998       6      11      2100      12       0    -999
 425000    RAIN        NCM     1998       6      12       900      12       0    -999
 425000    RAIN        NCM     1998       6      12      2100      12       0    -999
 425000    RAIN        NCM     1998       6      13       900      12      92    -999
 425000    RAIN        NCM     1998       6      13      2100      12     158    -999
 425000    RAIN        NCM     1998       6      14       900      12      30    -999
 425000    RAIN        NCM     1998       6      14      2100      12       2    -999
 425000    RAIN        NCM     1998       6      15       900      12       0    -999
 425000    RAIN        NCM     1998       6      15      2100      12       2    -999
 425000    RAIN        NCM     1998       6      16       900      12       0    -999
 425000    RAIN        NCM     1998       6      16      2100      12      20    -999
 425000    RAIN        NCM     1998       6      17       900      12      26    -999
 425000    RAIN        NCM     1998       6      17      2100      12      14    -999
 425000    RAIN        NCM     1998       6      18       900      12     102    -999
 425000    RAIN        NCM     1998       6      18      2100      12      56    -999
 425000    RAIN        NCM     1998       6      19       900      12       2    -999
 425000    RAIN        NCM     1998       6      19      2100      12       0    -999
 425000    RAIN        NCM     1998       6      20       900      12       0    -999
 425000    RAIN        NCM     1998       6      20      2100      12      16    -999
 425000    RAIN        NCM     1998       6      21       900      12       0    -999
 425000    RAIN        NCM     1998       6      21      2100      12       0    -999
 425000    RAIN        NCM     1998       6      22       900      12      40    -999
 425000    RAIN        NCM     1998       6      22      2100      12       0    -999
 425000    RAIN        NCM     1998       6      23       900      12      42    -999
 425000    RAIN        NCM     1998       6      23      2100      12       2    -999
 425000    RAIN        NCM     1998       6      24       900      12      32    -999
 425000    RAIN        NCM     1998       6      24      2100      12      16    -999
 425000    RAIN        NCM     1998       6      25       900      12      10    -999
 425000    RAIN        NCM     1998       6      25      2100      12       6    -999
 425000    RAIN        NCM     1998       6      26       900      12      58    -999
 425000    RAIN        NCM     1998       6      26      2100      12      40    -999
 425000    RAIN        NCM     1998       6      27       900      12      64    -999
 425000    RAIN        NCM     1998       6      27      2100      12      18    -999
 425000    RAIN        NCM     1998       6      28       900      12       0    -999
 425000    RAIN        NCM     1998       6      28      2100      12      30    -999
 425000    RAIN        NCM     1998       6      29       900      12       0    -999
 425000    RAIN        NCM     1998       6      29      2100      12       0    -999
 425000    RAIN        NCM     1998       6      30       900      12       2    -999
 425000    RAIN        NCM     1998       6      30      2100      12       0    -999
 425000    RAIN        NCM     1998       7       1       900      12       0    -999
 425000    RAIN        NCM     1998       7       1      2100      12       0    -999
 425000    RAIN        NCM     1998       7       2       900      12       0    -999
 425000    RAIN        NCM     1998       7       2      2100      12       0    -999
 425000    RAIN        NCM     1998       7       3       900      12       0    -999
 425000    RAIN        NCM     1998       7       4       900      12       0    -999
 425000    RAIN        NCM     1998       7       4      2100      12       0    -999
 425000    RAIN        NCM     1998       7       5       900      12       0    -999
 425000    RAIN        NCM     1998       7       5      2100      12       0    -999
 425000    RAIN        NCM     1998       7       6       900      12       0    -999
 425000    RAIN        NCM     1998       7       6      2100      12       0    -999
 425000    RAIN        NCM     1998       7       7       900      12       0    -999
 425000    RAIN        NCM     1998       7       7      2100      12       0    -999
 425000    RAIN        NCM     1998       7       8       900      12       2    -999
 425000    RAIN        NCM     1998       7       8      2100      12       2    -999
 425000    RAIN        NCM     1998       7       9       900      12      10    -999
 425000    RAIN        NCM     1998       7       9      2100      12       0    -999
 425000    RAIN        NCM     1998       7      10       900      12       4    -999
 425000    RAIN        NCM     1998       7      10      2100      12      20    -999
 425000    RAIN        NCM     1998       7      11       900      12      12    -999
 425000    RAIN        NCM     1998       7      11      2100      12      42    -999
 425000    RAIN        NCM     1998       7      12       900      12      62    -999
 425000    RAIN        NCM     1998       7      12      2100      12      16    -999
 425000    RAIN        NCM     1998       7      13       900      12       4    -999
 425000    RAIN        NCM     1998       7      13      2100      12      36    -999
 425000    RAIN        NCM     1998       7      14       900      12       4    -999
 425000    RAIN        NCM     1998       7      14      2100      12      40    -999
 425000    RAIN        NCM     1998       7      15       900      12      16    -999
 425000    RAIN        NCM     1998       7      15      2100      12       0    -999
 425000    RAIN        NCM     1998       7      16       900      12       0    -999
 425000    RAIN        NCM     1998       7      16      2100      12       0    -999
 425000    RAIN        NCM     1998       7      17       900      12       6    -999
 425000    RAIN        NCM     1998       7      17      2100      12       6    -999
 425000    RAIN        NCM     1998       7      18       900      12       0    -999
 425000    RAIN        NCM     1998       7      18      2100      12       0    -999
 425000    RAIN        NCM     1998       7      19       900      12       8    -999
 425000    RAIN        NCM     1998       7      19      2100      12      16    -999
 425000    RAIN        NCM     1998       7      20       900      12      48    -999
 425000    RAIN        NCM     1998       7      20      2100      12      46    -999
 425000    RAIN        NCM     1998       7      21       900      12      56    -999
 425000    RAIN        NCM     1998       7      21      2100      12      62    -999
 425000    RAIN        NCM     1998       7      22       900      12      22    -999
 425000    RAIN        NCM     1998       7      22      2100      12      34    -999
 425000    RAIN        NCM     1998       7      23       900      12      32    -999
 425000    RAIN        NCM     1998       7      23      2100      12       0    -999
 425000    RAIN        NCM     1998       7      24       900      12       0    -999
 425000    RAIN        NCM     1998       7      25       900      12       0    -999
 425000    RAIN        NCM     1998       7      25      2100      12       0    -999
 425000    RAIN        NCM     1998       7      26       900      12       2    -999
 425000    RAIN        NCM     1998       7      26      2100      12      32    -999
 425000    RAIN        NCM     1998       7      27       900      12       0    -999
 425000    RAIN        NCM     1998       7      27      2100      12       2    -999
 425000    RAIN        NCM     1998       7      28       900      12      20    -999
 425000    RAIN        NCM     1998       7      28      2100      12       2    -999
 425000    RAIN        NCM     1998       7      29       900      12      16    -999
 425000    RAIN        NCM     1998       7      29      2100      12      26    -999
 425000    RAIN        NCM     1998       7      30       900      12     132    -999
 425000    RAIN        NCM     1998       7      30      2100      12      88    -999
 425000    RAIN        NCM     1998       7      31       900      12       2    -999
 425000    RAIN        NCM     1998       7      31      2100      12       0    -999
 425000    RAIN        NCM     1998       8       1       900      12      42    -999
 425000    RAIN        NCM     1998       8       1      2100      12       2    -999
 425000    RAIN        NCM     1998       8       2       900      12       0    -999
 425000    RAIN        NCM     1998       8       2      2100      12       0    -999
 425000    RAIN        NCM     1998       8       3       900      12      70    -999
 425000    RAIN        NCM     1998       8       3      2100      12     106    -999
 425000    RAIN        NCM     1998       8       4       900      12       0    -999
 425000    RAIN        NCM     1998       8       4      2100      12       0    -999
 425000    RAIN        NCM     1998       8       5       900      12       0    -999
 425000    RAIN        NCM     1998       8       5      2100      12       0    -999
 425000    RAIN        NCM     1998       8       6       900      12       0    -999
 425000    RAIN        NCM     1998       8       6      2100      12       0    -999
 425000    RAIN        NCM     1998       8       7       900      12       2    -999
 425000    RAIN        NCM     1998       8       7      2100      12       0    -999
 425000    RAIN        NCM     1998       8       8       900      12       0    -999
 425000    RAIN        NCM     1998       8       9       900      12       0    -999
 425000    RAIN        NCM     1998       8       9      2100      12       0    -999
 425000    RAIN        NCM     1998       8      10       900      12       0    -999
 425000    RAIN        NCM     1998       8      10      2100      12       0    -999
 425000    RAIN        NCM     1998       8      11       900      12       2    -999
 425000    RAIN        NCM     1998       8      11      2100      12       0    -999
 425000    RAIN        NCM     1998       8      12       900      12       8    -999
 425000    RAIN        NCM     1998       8      12      2100      12      20    -999
 425000    RAIN        NCM     1998       8      13       900      12       0    -999
 425000    RAIN        NCM     1998       8      13      2100      12      14    -999
 425000    RAIN        NCM     1998       8      14       900      12      14    -999
 425000    RAIN        NCM     1998       8      14      2100      12      66    -999
 425000    RAIN        NCM     1998       8      15       900      12       6    -999
 425000    RAIN        NCM     1998       8      15      2100      12       2    -999
 425000    RAIN        NCM     1998       8      16       900      12       0    -999
 425000    RAIN        NCM     1998       8      16      2100      12       2    -999
 425000    RAIN        NCM     1998       8      17       900      12      26    -999
 425000    RAIN        NCM     1998       8      17      2100      12       2    -999
 425000    RAIN        NCM     1998       8      18       900      12       2    -999
 425000    RAIN        NCM     1998       8      18      2100      12       0    -999
 425000    RAIN        NCM     1998       8      19       900      12       0    -999
 425000    RAIN        NCM     1998       8      19      2100      12       2    -999
 425000    RAIN        NCM     1998       8      20       900      12       0    -999
 425000    RAIN        NCM     1998       8      20      2100      12      38    -999
 425000    RAIN        NCM     1998       8      21       900      12      58    -999
 425000    RAIN        NCM     1998       8      21      2100      12       0    -999
 425000    RAIN        NCM     1998       8      22       900      12       2    -999
 425000    RAIN        NCM     1998       8      22      2100      12       0    -999
 425000    RAIN        NCM     1998       8      23       900      12      16    -999
 425000    RAIN        NCM     1998       8      23      2100      12     262    -999
 425000    RAIN        NCM     1998       8      24       900      12       8    -999
 425000    RAIN        NCM     1998       8      24      2100      12       8    -999
 425000    RAIN        NCM     1998       8      25       900      12       0    -999
 425000    RAIN        NCM     1998       8      25      2100      12       6    -999
 425000    RAIN        NCM     1998       8      26       900      12      14    -999
 425000    RAIN        NCM     1998       8      26      2100      12       0    -999
 425000    RAIN        NCM     1998       8      27       900      12       0    -999
 425000    RAIN        NCM     1998       8      27      2100      12       0    -999
 425000    RAIN        NCM     1998       8      28       900      12       0    -999
 425000    RAIN        NCM     1998       8      28      2100      12       0    -999
 425000    RAIN        NCM     1998       8      29       900      12       0    -999
 425000    RAIN        NCM     1998       8      29      2100      12       0    -999
 425000    RAIN        NCM     1998       8      30       900      12       2    -999
 425000    RAIN        NCM     1998       8      30      2100      12       0    -999
 425000    RAIN        NCM     1998       8      31       900      12       0    -999
 425000    RAIN        NCM     1998       8      31      2100      12      14    -999
 425000    RAIN        NCM     1998       9       1       900      12      18    -999
 425000    RAIN        NCM     1998       9       1      2100      12      64    -999
 425000    RAIN        NCM     1998       9       2       900      12       2    -999
 425000    RAIN        NCM     1998       9       2      2100      12       0    -999
 425000    RAIN        NCM     1998       9       3       900      12       0    -999
 425000    RAIN        NCM     1998       9       3      2100      12       0    -999
 425000    RAIN        NCM     1998       9       4       900      12       2    -999
 425000    RAIN        NCM     1998       9       4      2100      12      98    -999
 425000    RAIN        NCM     1998       9       5       900      12       6    -999
 425000    RAIN        NCM     1998       9       5      2100      12       0    -999
 425000    RAIN        NCM     1998       9       6       900      12       2    -999
 425000    RAIN        NCM     1998       9       6      2100      12      16    -999
 425000    RAIN        NCM     1998       9       7       900      12       0    -999
 425000    RAIN        NCM     1998       9       7      2100      12      50    -999
 425000    RAIN        NCM     1998       9       8       900      12      72    -999
 425000    RAIN        NCM     1998       9       8      2100      12       2    -999
 425000    RAIN        NCM     1998       9       9       900      12     122    -999
 425000    RAIN        NCM     1998       9       9      2100      12     154    -999
 425000    RAIN        NCM     1998       9      10       900      12     118    -999
 425000    RAIN        NCM     1998       9      10      2100      12      58    -999
 425000    RAIN        NCM     1998       9      11       900      12      16    -999
 425000    RAIN        NCM     1998       9      11      2100      12      22    -999
 425000    RAIN        NCM     1998       9      12       900      12      62    -999
 425000    RAIN        NCM     1998       9      12      2100      12      56    -999
 425000    RAIN        NCM     1998       9      13       900      12      58    -999
 425000    RAIN        NCM     1998       9      13      2100      12       6    -999
 425000    RAIN        NCM     1998       9      14       900      12       8    -999
 425000    RAIN        NCM     1998       9      14      2100      12       0    -999
 425000    RAIN        NCM     1998       9      15       900      12       2    -999
 425000    RAIN        NCM     1998       9      15      2100      12      14    -999
 425000    RAIN        NCM     1998       9      16       900      12       0    -999
 425000    RAIN        NCM     1998       9      16      2100      12       2    -999
 425000    RAIN        NCM     1998       9      17       900      12       0    -999
 425000    RAIN        NCM     1998       9      17      2100      12       0    -999
 425000    RAIN        NCM     1998       9      18       900      12       4    -999
 425000    RAIN        NCM     1998       9      18      2100      12      14    -999
 425000    RAIN        NCM     1998       9      19       900      12       4    -999
 425000    RAIN        NCM     1998       9      19      2100      12       2    -999
 425000    RAIN        NCM     1998       9      20       900      12       2    -999
 425000    RAIN        NCM     1998       9      20      2100      12       0    -999
 425000    RAIN        NCM     1998       9      21       900      12       2    -999
 425000    RAIN        NCM     1998       9      21      2100      12       0    -999
 425000    RAIN        NCM     1998       9      22       900      12       0    -999
 425000    RAIN        NCM     1998       9      22      2100      12       0    -999
 425000    RAIN        NCM     1998       9      23       900      12       0    -999
 425000    RAIN        NCM     1998       9      23      2100      12       0    -999
 425000    RAIN        NCM     1998       9      24       900      12       0    -999
 425000    RAIN        NCM     1998       9      24      2100      12       0    -999
 425000    RAIN        NCM     1998       9      25       900      12       0    -999
 425000    RAIN        NCM     1998       9      25      2100      12       0    -999
 425000    RAIN        NCM     1998       9      26       900      12       8    -999
 425000    RAIN        NCM     1998       9      26      2100      12      18    -999
 425000    RAIN        NCM     1998       9      27       900      12      12    -999
 425000    RAIN        NCM     1998       9      27      2100      12       0    -999
 425000    RAIN        NCM     1998       9      28       900      12       0    -999
 425000    RAIN        NCM     1998       9      28      2100      12       0    -999
 425000    RAIN        NCM     1998       9      29       900      12       0    -999
 425000    RAIN        NCM     1998       9      29      2100      12       0    -999
 425000    RAIN        NCM     1998       9      30       900      12     172    -999
 425000    RAIN        NCM     1998       9      30      2100      12      90    -999
 425000    RAIN        NCM     1998      10       1       900      12      12    -999
 425000    RAIN        NCM     1998      10       1      2100      12      40    -999
 425000    RAIN        NCM     1998      10       2       900      12       2    -999
 425000    RAIN        NCM     1998      10       2      2100      12       0    -999
 425000    RAIN        NCM     1998      10       3       900      12       0    -999
 425000    RAIN        NCM     1998      10       3      2100      12       0    -999
 425000    RAIN        NCM     1998      10       4       900      12       0    -999
 425000    RAIN        NCM     1998      10       4      2100      12       2    -999
 425000    RAIN        NCM     1998      10       5       900      12       0    -999
 425000    RAIN        NCM     1998      10       5      2100      12      24    -999
 425000    RAIN        NCM     1998      10       6       900      12       6    -999
 425000    RAIN        NCM     1998      10       6      2100      12       0    -999
 425000    RAIN        NCM     1998      10       7       900      12       0    -999
 425000    RAIN        NCM     1998      10       7      2100      12       0    -999
 425000    RAIN        NCM     1998      10       8       900      12       0    -999
 425000    RAIN        NCM     1998      10       8      2100      12       0    -999
 425000    RAIN        NCM     1998      10       9       900      12       2    -999
 425000    RAIN        NCM     1998      10       9      2100      12      58    -999
 425000    RAIN        NCM     1998      10      10       900      12       2    -999
 425000    RAIN        NCM     1998      10      10      2100      12       0    -999
 425000    RAIN        NCM     1998      10      11       900      12      46    -999
 425000    RAIN        NCM     1998      10      11      2100      12       2    -999
 425000    RAIN        NCM     1998      10      12       900      12      12    -999
 425000    RAIN        NCM     1998      10      12      2100      12       0    -999
 425000    RAIN        NCM     1998      10      13       900      12      26    -999
 425000    RAIN        NCM     1998      10      13      2100      12     162    -999
 425000    RAIN        NCM     1998      10      14       900      12     126    -999
 425000    RAIN        NCM     1998      10      14      2100      12       0    -999
 425000    RAIN        NCM     1998      10      15       900      12       2    -999
 425000    RAIN        NCM     1998      10      15      2100      12       0    -999
 425000    RAIN        NCM     1998      10      16       900      12      16    -999
 425000    RAIN        NCM     1998      10      16      2100      12     510    -999
 425000    RAIN        NCM     1998      10      17       900      12      12    -999
 425000    RAIN        NCM     1998      10      17      2100      12      62    -999
 425000    RAIN        NCM     1998      10      18       900      12       2    -999
 425000    RAIN        NCM     1998      10      18      2100      12      22    -999
 425000    RAIN        NCM     1998      10      19       900      12      18    -999
 425000    RAIN        NCM     1998      10      19      2100      12       8    -999
 425000    RAIN        NCM     1998      10      20       900      12      16    -999
 425000    RAIN        NCM     1998      10      20      2100      12      40    -999
 425000    RAIN        NCM     1998      10      21       900      12     166    -999
 425000    RAIN        NCM     1998      10      21      2100      12      30    -999
 425000    RAIN        NCM     1998      10      22       900      12      78    -999
 425000    RAIN        NCM     1998      10      22      2100      12     220    -999
 425000    RAIN        NCM     1998      10      23       900      12     320    -999
 425000    RAIN        NCM     1998      10      23      2100      12      48    -999
 425000    RAIN        NCM     1998      10      24       900      12      64    -999
 425000    RAIN        NCM     1998      10      24      2100      12     430    -999
 425000    RAIN        NCM     1998      10      25       900      12      62    -999
 425000    RAIN        NCM     1998      10      25      2100      12      16    -999
 425000    RAIN        NCM     1998      10      26       900      12      54    -999
 425000    RAIN        NCM     1998      10      26      2100      12       6    -999
 425000    RAIN        NCM     1998      10      27       900      12     492    -999
 425000    RAIN        NCM     1998      10      27      2100      12     376    -999
 425000    RAIN        NCM     1998      10      28       900      12     116    -999
 425000    RAIN        NCM     1998      10      28      2100      12      38    -999
 425000    RAIN        NCM     1998      10      29       900      12      42    -999
 425000    RAIN        NCM     1998      10      29      2100      12      50    -999
 425000    RAIN        NCM     1998      10      30       900      12      82    -999
 425000    RAIN        NCM     1998      10      30      2100      12       2    -999
 425000    RAIN        NCM     1998      10      31       900      12      36    -999
 425000    RAIN        NCM     1998      10      31      2100      12      40    -999
 425000    RAIN        NCM     1998      11       1       900      12       6    -999
 425000    RAIN        NCM     1998      11       1      2100      12       8    -999
 425000    RAIN        NCM     1998      11       2       900      12      66    -999
 425000    RAIN        NCM     1998      11       2      2100      12     116    -999
 425000    RAIN        NCM     1998      11       3       900      12      14    -999
 425000    RAIN        NCM     1998      11       3      2100      12       2    -999
 425000    RAIN        NCM     1998      11       4       900      12      12    -999
 425000    RAIN        NCM     1998      11       4      2100      12       6    -999
 425000    RAIN        NCM     1998      11       5       900      12      68    -999
 425000    RAIN        NCM     1998      11       5      2100      12      34    -999
 425000    RAIN        NCM     1998      11       6       900      12      74    -999
 425000    RAIN        NCM     1998      11       6      2100      12       6    -999
 425000    RAIN        NCM     1998      11       7       900      12       4    -999
 425000    RAIN        NCM     1998      11       7      2100      12       0    -999
 425000    RAIN        NCM     1998      11       8       900      12     122    -999
 425000    RAIN        NCM     1998      11       8      2100      12      24    -999
 425000    RAIN        NCM     1998      11       9       900      12     204    -999
 425000    RAIN        NCM     1998      11       9      2100      12      16    -999
 425000    RAIN        NCM     1998      11      10       900      12      32    -999
 425000    RAIN        NCM     1998      11      10      2100      12       6    -999
 425000    RAIN        NCM     1998      11      11       900      12       0    -999
 425000    RAIN        NCM     1998      11      11      2100      12       4    -999
 425000    RAIN        NCM     1998      11      12       900      24     104    -999
 425000    RAIN        NCM     1998      11      12      2100      12     154    -999
 425000    RAIN        NCM     1998      11      13       900      12       6    -999
 425000    RAIN        NCM     1998      11      13      2100      12       6    -999
 425000    RAIN        NCM     1998      11      14       900      12      70    -999
 425000    RAIN        NCM     1998      11      14      2100      12      26    -999
 425000    RAIN        NCM     1998      11      15       900      12      16    -999
 425000    RAIN        NCM     1998      11      15      2100      12       2    -999
 425000    RAIN        NCM     1998      11      16       900      12       2    -999
 425000    RAIN        NCM     1998      11      16      2100      12       0    -999
 425000    RAIN        NCM     1998      11      17       900      12       0    -999
 425000    RAIN        NCM     1998      11      17      2100      12       0    -999
 425000    RAIN        NCM     1998      11      18       900      12       0    -999
 425000    RAIN        NCM     1998      11      18      2100      12       0    -999
 425000    RAIN        NCM     1998      11      19       900      12       0    -999
 425000    RAIN        NCM     1998      11      19      2100      12       0    -999
 425000    RAIN        NCM     1998      11      20       900      12       0    -999
 425000    RAIN        NCM     1998      11      20      2100      12       0    -999
 425000    RAIN        NCM     1998      11      21       900      12       0    -999
 425000    RAIN        NCM     1998      11      21      2100      12       2    -999
 425000    RAIN        NCM     1998      11      22       900      12       0    -999
 425000    RAIN        NCM     1998      11      22      2100      12      50    -999
 425000    RAIN        NCM     1998      11      23       900      12       6    -999
 425000    RAIN        NCM     1998      11      23      2100      12       0    -999
 425000    RAIN        NCM     1998      11      24       900      12     100    -999
 425000    RAIN        NCM     1998      11      24      2100      12       0    -999
 425000    RAIN        NCM     1998      11      25       900      12       0    -999
 425000    RAIN        NCM     1998      11      26       900      24      30    -999
 425000    RAIN        NCM     1998      11      27       900      24      86    -999
 425000    RAIN        NCM     1998      11      28       900      24      52    -999
 425000    RAIN        NCM     1998      11      29       900      24      10    -999
 425000    RAIN        NCM     1998      11      30       900      24       0    -999
 425000    RAIN        NCM     1998      12       1       900      24       0    -999
 425000    RAIN        NCM     1998      12       2       900      24       0    -999
 425000    RAIN        NCM     1998      12       3       900      24       0    -999
 425000    RAIN        NCM     1998      12       3      2100      12      14    -999
 425000    RAIN        NCM     1998      12       4       900      12       8    -999
 425000    RAIN        NCM     1998      12       4      2100      12       0    -999
 425000    RAIN        NCM     1998      12       5       900      12       0    -999
 425000    RAIN        NCM     1998      12       5      2100      12      12    -999
 425000    RAIN        NCM     1998      12       6       900      12       0    -999
 425000    RAIN        NCM     1998      12       6      2100      12       0    -999
 425000    RAIN        NCM     1998      12       7       900      12       0    -999
 425000    RAIN        NCM     1998      12       7      2100      12       0    -999
 425000    RAIN        NCM     1998      12       8       900      24     140    -999
 425000    RAIN        NCM     1998      12       9       900      12       4    -999
 425000    RAIN        NCM     1998      12       9       900      24      44    -999
 425000    RAIN        NCM     1998      12       9      2100      12       0    -999
 425000    RAIN        NCM     1998      12      10       900      12       0    -999
 425000    RAIN        NCM     1998      12      10      2100      12      68    -999
 425000    RAIN        NCM     1998      12      11       900      12      14    -999
 425000    RAIN        NCM     1998      12      11      2100      12      36    -999
 425000    RAIN        NCM     1998      12      12       900      12      76    -999
 425000    RAIN        NCM     1998      12      12      2100      12     100    -999
 425000    RAIN        NCM     1998      12      13       900      12      10    -999
 425000    RAIN        NCM     1998      12      13      2100      12     126    -999
 425000    RAIN        NCM     1998      12      14       900      12      30    -999
 425000    RAIN        NCM     1998      12      14      2100      12     116    -999
 425000    RAIN        NCM     1998      12      15       900      12      12    -999
 425000    RAIN        NCM     1998      12      15      2100      12      72    -999
 425000    RAIN        NCM     1998      12      16       900      12       0    -999
 425000    RAIN        NCM     1998      12      16      2100      12       0    -999
 425000    RAIN        NCM     1998      12      17       900      12       0    -999
 425000    RAIN        NCM     1998      12      17      2100      12      42    -999
 425000    RAIN        NCM     1998      12      18       900      12      62    -999
 425000    RAIN        NCM     1998      12      18      2100      12      88    -999
 425000    RAIN        NCM     1998      12      19       900      12      26    -999
 425000    RAIN        NCM     1998      12      19      2100      12       4    -999
 425000    RAIN        NCM     1998      12      20       900      12       2    -999
 425000    RAIN        NCM     1998      12      20      2100      12       0    -999
 425000    RAIN        NCM     1998      12      21       900      12       0    -999
 425000    RAIN        NCM     1998      12      21      2100      12      20    -999
 425000    RAIN        NCM     1998      12      22       900      12       0    -999
 425000    RAIN        NCM     1998      12      22      2100      12      24    -999
 425000    RAIN        NCM     1998      12      23       900      12      26    -999
 425000    RAIN        NCM     1998      12      23      2100      12      18    -999
 425000    RAIN        NCM     1998      12      24       900      12       0    -999
 425000    RAIN        NCM     1998      12      24      2100      12      84    -999
 425000    RAIN        NCM     1998      12      25       900      12      72    -999
 425000    RAIN        NCM     1998      12      25      2100      12     112    -999
 425000    RAIN        NCM     1998      12      26       900      12      14    -999
 425000    RAIN        NCM     1998      12      26      2100      12      98    -999
 425000    RAIN        NCM     1998      12      27       900      12       0    -999
 425000    RAIN        NCM     1998      12      27      2100      12      82    -999
 425000    RAIN        NCM     1998      12      28       900      12      40    -999
 425000    RAIN        NCM     1998      12      28      2100      12      14    -999
 425000    RAIN        NCM     1998      12      29       900      12       2    -999
 425000    RAIN        NCM     1998      12      29      2100      12       2    -999
 425000    RAIN        NCM     1998      12      30       900      12      24    -999
 425000    RAIN        NCM     1998      12      30      2100      12       0    -999
 425000    RAIN        NCM     1998      12      31       900      12       0    -999
 425000    RAIN        NCM     1998      12      31      2100      12       8    -999
