298752.37 316119.84
298744.57 316035.05
298748.71 316002.77
298724.59 315974.41
298720.93 315857.35
298712.99 315812.92
298672.77 315772.37
298685.04 315723.99
298649 315635.03
298717.83 315562.7
298798.62 315538.87
298827.05 315482.49
298924 315450.65
298992.63 315446.94
299101.49 315475.71
299153.89 315496.13
299202.26 315512.49
299234.6 315496.51
299287.1 315484.64
299311.4 315456.5
299371.99 315440.65
299412.33 315444.86
299501.22 315412.99
299541.57 315413.18
299581.99 315393.19
299650.62 315385.44
299719.21 315393.83
299751.41 315418.2
299787.73 315418.37
299807.81 315446.71
299840.1 315446.86
299904.57 315479.45
299985.26 315487.9




298838.34 317004.14
298939.23 317004.61
298983.58 317016.92
299043.93 317077.75
299092.28 317102.19
299128.37 317170.97
299152.43 317219.52
299188.61 317264.08
299204.6 317312.59
299260.99 317349.18
299305.27 317381.67
299385.7 317470.84
299454.06 317547.84
299514.28 317644.99
299566.49 317725.96
299562.33 317766.3
299626.66 317839.25
299630.47 317911.92
299622.17 317984.53


299288.45 317595.5
299345.06 317559.44
299425.77 317559.82
299454.06 317547.84


299531.12 317427.13
299486.54 317487.46
299482.37 317527.8
299462.14 317543.84


299826.33 317238.81
299899.17 317174.57
299972.02 317106.3


299965.16 316726.88
299989.54 316678.56


298835.13 316745.81
298911.96 316697.74
298992.55 316734.44
299033.12 316670.05
299101.8 316646.16
299154.38 316610.08
299190.67 316618.32
299324.14 316526.11
299344.42 316493.92
299328.36 316465.59
299385.15 316377.07
299405.39 316356.98
299401.6 316280.27
299393.72 316219.7
299462.43 316187.73
299523.26 316095.19
299555.7 316046.91
299608.33 315994.69
299737.62 315946.86
299794.3 315890.62
299842.86 315846.45
299887.44 315790.16
299899.72 315733.7
299940.26 315677.39
299960.59 315629.05


299760.49 315103.43
299820.9 315140.03
299913.63 315168.72
299945.85 315189.06




298755.1 315264.21
298867.99 315297.03
298908.26 315325.47
298908.2 315345.64
298960.67 315341.85
299000.77 315422.76
299024.86 315459.2


296767.47 319722.83
296767.68 319658.26
296759.7 319629.97
296751.78 319581.49
296735.79 319537.02
296747.96 319516.9
296772.39 319448.4
296748.31 319403.89
296748.43 319367.57
296748.63 319302.99
296761.16 319173.9


297792.74 319654.97
297805.02 319602.56
297788.94 319582.31
297780.98 319545.94
297768.95 319521.67
297773.14 319473.26
297757.15 319424.75
297753.24 319388.41
297725.1 319351.96
297721.22 319303.5
297701.12 319279.19
297685.06 319254.9
297652.86 319226.5


298333.19 319758.4
298228.26 319757.91
298191.99 319741.59
298192.1 319705.27
298159.94 319668.8
298139.86 319636.41
298099.59 319607.97
298075.41 319599.78
298063.73 319466.54
298007.65 319337.13
297963.3 319320.77
297931.16 319276.23
297919.15 319243.89
297786.13 319194.83


298409.75 319795.08
298409.51 319867.73
298425.51 319912.21
298461.64 319972.91
298457.53 319997.11


298328.77 319879.46
298373.14 319883.7
298409.5 319871.77


298454.22 319767.04
298522.78 319783.5
298534.77 319819.88
298595.35 319808.06
298643.74 319816.35
298744.75 319780.5
298825.63 319728.41
298902.34 319716.66
298979.19 319664.56
299104.5 319596.53


299761.08 319983.02
299866.15 319939.12
299959.08 319903.23
299999.49 319887.27


298383.8 317805.19
298387.69 317853.63
298371.48 317869.71
298387.33 317962.61


295110.89 319077.39
295236.04 319061.83
295292.66 319025.77
295446.14 318986.13
295652.07 318950.77
295781.41 318886.8
295926.95 318806.75
296043.85 318847.66
296152.83 318844.13
296197.31 318816.09
296253.73 318840.57
296310.27 318828.73
296387.1 318780.65
296455.74 318768.86
296480.07 318732.65
296532.57 318720.79
296585.03 318721.04
296629.39 318733.35
296713.95 318790.25
296770.52 318766.3
296875.45 318766.79
296907.75 318762.9
296960.12 318791.41
297032.72 318803.85
297085.02 318856.56
297149.56 318864.94
297319.04 318869.76
297488.64 318838.27
297500.69 318854.47
297573.33 318854.81
297694.33 318875.55
297734.82 318835.38
297868.02 318827.94
297968.98 318804.19
298037.67 318780.29
298078.26 318703.8
298122.73 318679.79
298151.24 318599.2
298139.31 318542.64
298167.69 318502.41
298216.17 318486.49
298256.66 318446.32
298345.62 318390.23
298438.52 318362.42
298478.87 318366.64
298535.52 318318.47
298604.15 318310.72
298692.87 318331.32
298753.39 318335.64
298805.87 318331.85
298818.09 318291.54
298850.37 318295.73
298906.8 318316.17
299007.8 318280.32
299108.68 318284.83
299230.05 318192.57
299286.55 318188.8
299294.76 318148.47
299371.49 318132.68
299411.66 318189.38
299480.84 318008.08
299638.3 317984.6
299686.88 317940.43
299860.39 317945.28
299928.85 317990


297652.42 318096.41
297688.55 318157.11
297724.67 318221.86
297768.93 318262.43
297792.98 318315
297837.29 318339.43
297857.44 318347.59
297889.54 318408.29
298014.18 318554.16


297798.25 319194.89
297782.19 319166.56
297749.95 319150.26
297737.92 319130.03
297738.01 319101.78
297701.8 319065.29
297701.95 319016.85
297677.82 318992.52


299181.36 319540.38
299229.86 319516.39
299262.1 319532.68
299330.79 319504.75
299347.06 319464.47
299419.79 319436.56
299476.22 319461.03
299504.46 319461.16
299516.65 319437.01
299617.79 319356.76
299625.98 319320.47
299666.36 319312.59
299694.7 319284.48
299743.21 319256.44
299799.82 319224.42
299896.89 319156.26
299996.4 318325.3
299923.86 318288.64
299879.62 318244.03
299879.88 318163.32
299876.13 318070.47
299916.79 317977.83




298072.17 319349.54
298128.72 319333.66
298197.44 319297.65
298294.23 319318.29
298443.66 319282.67
298556.67 319279.16
298621.25 319275.42
298702.03 319255.61
298827.13 319256.2
298863.54 319228.12
298972.89 319107.55
299045.72 319047.34
299033.75 319002.9
299082.44 318922.4
299114.76 318910.44
299143.33 318809.68
299127.28 318781.35
299184.22 318640.35
299184.33 318608.07
299160.23 318571.63
299144.31 318502.94
299176.83 318430.44
299241.6 318366.17
299245.86 318297.58
299246.07 318228.97
299242.14 318196.66


297634.49 318657.32
297723.29 318653.71
297779.83 318641.86
297832.36 318617.9
297913.17 318590.01
297977.84 318558.03
298006.11 318550.1
298046.5 318542.21
298070.65 318558.46
298143.26 318570.91


297970.83 318223.01
298019.16 318255.52
298079.67 318263.88
298144.27 318252.07
298196.76 318244.24
298261.3 318256.65
298309.61 318289.17
298361.99 318317.66
298406.25 318358.23
298458.82 318326.19
298507.21 318334.49


298092.92 317904.73
298193.65 317953.64
298262.01 318030.63
298322.25 318123.75
298378.54 318188.59
298422.75 318245.3
298462.84 318330.24


298137.7 317783.85
298254.43 317877.23
298286.67 317893.52
298306.7 317938.02
298391.37 317962.62
298415.41 318015.21
298503.98 318084.24
298544.08 318165.15
298576.21 318213.73
298588.17 318258.18
298612.3 318286.54
298608.18 318314.77


299459.54 319630.48
299516.2 319578.27
299540.5 319550.13
299601 319558.49
299629.4 319514.22
299633.65 319445.63
299625.77 319385.05
299609.69 319364.79


299284.85 318725.59
299293.19 318640.86
299269.07 318612.5
299277.37 318539.89
299349.97 318552.33
299382.35 318520.19
299382.51 318471.77
299374.66 318403.12
299354.51 318394.95


297202.91 318586.69
297243.11 318635.32
297255.09 318675.74


297240.05 319595.89
297401.81 319491.71
297518.99 319443.82
297551.29 319439.93


297664.02 319521.18
297660.08 319492.91
297627.88 319468.54
297595.84 319391.7


297636.07 319428.22
297640.2 319399.99
297640.31 319363.66
297632.31 319343.45
297624.29 319327.26
297640.52 319299.09
297648.81 319230.51
297644.93 319182.06
297645 319157.85
297637 319137.63


297753.49 316773.04
297830.25 316749.19
297874.64 316749.4
297923.12 316733.48
297959.58 316689.26
298028.65 316544.28
298048.9 316520.16
298012.73 316471.55
297988.69 316418.98
297948.49 316370.35
297928.54 316297.61
297961.07 316221.08
297985.68 316096.08
297973.92 315987.05
297970.22 315882.09
297954.34 315801.3
297885.95 315732.36
297817.47 315691.68
297785.25 315671.35
297768.96 315719.71
297728.62 315711.45
297700.48 315679.03
297619.67 315710.94
297526.92 315690.32
297482.5 315698.19
297430.13 315669.69
297361.46 315689.55
297280.79 315677.07
297220.23 315680.82
297175.86 315676.58
297127.44 315672.32
297095.22 315651.98
297083.21 315623.67
297018.77 315583.01
297014.92 315526.49
296950.45 315493.9


296901.49 316926.47
296917.71 316902.33
296901.69 316861.9
296881.61 316833.55
296909.93 316809.46
296885.77 316793.21
296898.28 316668.15
296942.95 316579.57
296975.55 316482.86
297028.24 316410.45
297064.67 316374.3
297060.76 316337.95
297153.61 316326.28
297198.13 316286.12
297190.16 316253.8
297238.6 316249.99
297283.14 316201.77
297287.46 316117.03
297263.59 316007.94
297255.67 315959.48
297219.48 315918.95
297219.77 315826.11
297191.73 315761.41
297167.61 315733.04
297155.63 315692.62
297127.46 315668.28
297123.44 315664.22


297448.26 316311.51
297359.69 316242.49
297319.34 316242.3
297271.02 316209.79


297766.47 315235.37
297814.97 315211.38
297867.47 315199.52
297920.08 315155.37
297936.33 315119.12
297920.35 315070.61


297190.39 319983.12
297235.05 319898.57
297271.44 319878.55
297283.7 319830.18
297312.04 319798.03
297344.35 319794.14
297376.67 319782.18
297376.76 319753.93
297397.12 319693.49
297429.52 319661.35
297469.98 319629.25
297474.08 319609.08
297441.85 319588.76
297490.37 319560.73
297530.8 319536.7
297567.25 319496.51
297575.42 319468.3
297547.23 319447.99
297551.36 319419.76
297591.84 319379.58
297604.07 319339.28
297588.02 319310.95
297580.04 319282.67
297580.18 319238.27
297612.68 319169.81
297637 319137.63
297665.31 319117.58
297665.65 319012.64
297681.84 318996.58
297670.12 318875.44


296918.23 319271.5
296962.88 319190.98
296987.15 319174.96
297015.65 319094.37
297096.52 319046.31
297129.02 318977.85
297129.32 318885.02
297141.48 318868.93


296792.13 319585.72
296792.21 319561.51
296743.89 319524.96


296567.34 319205.28
296555.35 319168.9
296579.82 319088.29
296604.34 318991.54
296632.77 318935.17
296673.22 318907.1
296689.59 318834.53
296717.99 318790.27


296194.07 318565.84
296206.01 318618.37
296250.31 318646.83
296266.25 318711.47
296375.11 318744.27
296431.59 318748.57
296476 318740.71


296521.22 318482.61
296537.22 318527.08
296512.82 318583.48
296528.84 318623.9
296512.38 318724.74


296586.02 318410.27
296585.94 318434.48
296561.63 318466.66
296561.4 318539.3
296577.46 318563.59
296585.02 318725.08


296723.3 318390.72
296698.99 318418.86
296686.73 318467.24
296690.61 318515.7
296662.23 318555.91
296649.95 318612.37
296625.6 318652.62
296617.29 318729.25


296638.12 319790.84
296654.44 319734.41
296634.92 319528.48
296643.07 319504.3
296651.37 319431.69
296659.53 319403.48
296635.45 319363
296639.58 319330.73
296651.75 319310.61
296680.22 319242.13
296745.02 319169.79
296765.21 319169.88
296785.63 319093.29
296818.28 318976.39
296802.27 318935.96
296798.38 318891.55
296826.74 318855.36
296822.97 318770.58


297739.7 319836.35
297627.1 319710.7
297611.08 319674.3
297570.86 319629.72
297562.83 319617.57
297534.85 319532.68


295826.74 318592.37
295891.12 318653.22
295894.94 318721.85
295935.04 318802.75


295031.36 319973.03
295035.63 319900.4
295088.28 319840.1
295080.48 319755.31
295036.37 319666.31


296110.76 319380.73
296131.03 319352.58
296119 319328.3
296175.87 319211.53
296163.89 319171.11
296180.28 319094.5
296249.1 319026.21
296261.33 318985.9
296249.71 318836.51


296219 319607.25
296203.57 319385.21
296212 319272.23
296256.57 319215.93
296252.78 319139.24
296249.09 319030.24


295291.63 318081.33
295340.26 318016.98
295380.69 317996.99
295445.6 317888.32
295481.94 317884.46
295526.49 317832.19
295522.58 317791.81
295531 317682.88
295511.02 317622.25
295531.39 317561.8
295527.7 317452.81
295507.79 317367.96
295471.7 317299.18
295427.52 317230.36
295423.58 317202.09
295383.33 317169.61
295359.3 317108.96
295302.9 317076.41
295278.6 317104.55
295270.69 317056.07
295266.81 317003.59
295234.68 316955
295234.75 316934.83


295821.16 317809.36
295764.89 317740.48
295708.56 317687.74
295672.35 317651.25
295664.4 317614.89
295644.3 317590.58
295612.17 317541.99
295612.26 317513.74
295523.64 317460.87


297121.68 317480.44
297004.9 317403.21
296956.62 317354.55




296131.96 315260.02
296188.5 315248.18
296240.94 315256.5
296313.42 315305.26
296349.73 315309.47
296385.92 315350


295622.4 316863.99
295602.22 316863.9
295574.06 316835.51
295489.51 316774.57
295457.37 316725.99
295400.95 316705.54
295413.18 316665.24
295380.96 316644.91
295389.26 316572.3
295344.99 316531.73
295349.11 316507.54
295441.93 316507.97
295531.04 316407.49
295539.27 316355.05
295656.63 316250.67
295668.84 316222.47
295709.2 316218.62
295786.14 316138.27
295923.69 316029.94
295976.19 316018.07
296060.93 316022.5
296206.41 315958.61
296271.12 315914.51
296368 315906.89
296400.52 315834.39
296505.27 315887.36
296541.57 315895.6
296594.12 315867.59
296691.14 315815.58
296719.73 315710.77
296752.09 315686.7
296816.73 315662.79
296849.09 315638.73
296845.31 315562.02
296914.06 315513.91
296954.5 315485.85
296938.57 315421.2
296934.82 315332.39
296979.39 315276.09
297027.94 315235.95
297020.21 315130.98
296996.29 315038.04


296508.42 316165.86
296496.53 316097.19
296508.83 316036.7
296513.09 315968.11
296513.34 315891.43


296129.98 315881.57
296194.57 315877.83
296251.07 315874.06
296271.11 315918.55


295659.4 315382.93
295667.33 315427.37
295695.27 315524.36
295686.96 315601.01
295690.74 315677.71
295702.52 315782.7
295682.16 315839.11
295706.08 315932.05
295774.64 315944.48
295831.09 315960.89
295883.5 315977.28
295976.18 316022.11


295702.07 315923.96
295613.32 315911.44
295536.7 315894.94
295415.62 315898.4
295399.57 315870.08
295258.37 315853.28
295189.81 315840.85
295133.51 315780.04
295089.03 315804.05
295028.52 315799.73
295000.18 315827.85


296006.63 315332.09
296192.2 315353.13
296337.47 315357.85
296398.04 315346.02
296563.55 315330.65
296652.42 315302.81
296712.95 315303.09
296749.24 315311.34
296826.09 315259.23
296870.54 315239.25
296914.95 315235.42
296931.26 315183.04
296923.4 315114.39
296947.98 315001.49




295268.77 316390.11
295345.35 316422.76
295409.87 316439.21
295462.15 316495.96


295131.82 317576.07
295160.32 317495.49
295172.71 317406.75
295205.19 317346.37
295221.54 317281.87
295274.22 317213.5
295266.34 317152.93
295270.6 317084.32


296269.4 317722.65
296245.38 317662
296253.68 317589.39
296257.85 317549.05
296250.15 317431.97
296238.16 317395.59
296274.59 317359.44
296371.6 317311.46
296497.1 317186.93
296541.71 317118.53
296594.17 317118.76
296626.55 317090.66
296683.09 317074.79
296739.77 317018.54
296897.46 316926.45


296794.35 317620.17
296822.89 317531.52
296867.34 317511.54
296907.95 317431.01
296952.54 317370.67
296948.62 317334.33
296997.47 317201.37
296977.39 317168.99
296961.64 317047.84
296941.55 317019.48
296897.46 316926.45


295139.34 316482.35
295183.66 316502.73
295215.91 316514.99
295227.86 316563.47
295300.49 316567.85
295336.85 316555.92
295349.03 316531.75


295048.58 317103.47
295113.23 317075.52
295157.78 317027.29
295190.19 316987.08
295234.68 316959.04
295283.35 316882.58
295340.09 316806.16
295356.4 316753.77
295404.98 316705.56


295005.29 316756.17
295065.95 316716.09
295150.93 316643.84
295187.37 316607.68
295239.88 316591.79
295256.11 316563.61
295320.68 316563.91
295349.02 316535.79
