YEARMONTHDAYEND_HOUR0
1998119000
199811210014.6
1998129005.2
19981221001.6
19981390035.8
19981321005.6
1998149006.6
199814210020.8
1998159004.4
19981521003
1998169004
1998162100-99.9
1998179002.4
19981790014.8
19981721006.6
19981890013.6
199818210038.4
1998199001
19981921000.2
19981109000
199811021000
19981119000
199811121001.2
19981129000.2
1998112210017.2
19981139006
1998113210013.8
19981149008.4
199811421000.6
199811590011.6
199811521006.8
199811690013.6
199811621003.4
19981179000
199811721007.6
199811890014.4
1998118210010.2
19981199002.4
199811921000
19981209000
199812021000
19981219001
199812121002
19981229000.6
199812221000.6
19981239000.6
199812321000
19981249000
199812421000
19981259000
199812521000
19981269000
199812621000
19981279000
199812721000
19981289000
199812821000
19981299000
199812921000
19981309000
199813021000
19981319000.2
199813121000
1998219000
19982121000.4
1998229000
19982221000.2
1998239000.2
19982321000
1998249000.8
19982421000
1998259000
19982521000
1998269001
19982621004.4
1998279006.6
19982721002
1998289000
19982821000
1998299000.2
19982921000.2
19982109000.6
199821021000.4
19982119000.2
199821121000
19982129000
199821221000
19982139000
199821321000
19982149000.2
199821421000
19982159000
199821521000.6
19982169001.6
199821621000.6
19982179000.2
199821721000
19982189000.2
199821821000
19982199000.4
199821921000
19982209000
199822021000.2
19982219005.4
199822121003.8
19982229003.4
199822221000
19982239000.2
199822321000
19982249000
199822421000
19982259000
199822521000
19982269000.2
199822621004.8
19982279000
199822721007
19982289002.8
199822821003.4
1998319004.4
19983121006
1998329000.2
199832210011.2
19983390016.8
199833210013.8
19983490022.2
19983421006.4
1998359002.4
19983521002
19983690023.6
199836210027.6
19983790019
19983721005
1998389002
19983821000.8
1998399000.2
19983921000
19983109000
199831021006.4
19983119006
199831121000.2
19983129000
199831221000.8
19983139000
199831321000
19983149000
199831421000
19983159000
199831521000
19983169000
199831621000
19983179000
199831721000
19983189000
199831821000
19983199000
199831921000
19983209000
199832021000
19983219000
199832121000
19983229000
199832221000
19983239000
199832321000
19983249002.2
199832421003
19983259006.4
199832521001
199832690014.4
199832621004.4
19983279000.2
199832721000
19983289000
199832821000
19983299000
199832921000
19983319000
19983312100-99.9
199842900-99.9
19984221004.2
19984390012.8
19984321001.2
1998449003.8
19984421009.4
19984590017.8
19984521002.2
1998469003.6
19984621000.6
1998479000.2
19984721000
1998489001
19984821007.2
1998499001.4
19984921000.2
19984109000
199841021000.4
19984119000.2
199841121000.4
19984129001.2
199841221000
19984139000.4
199841321001.2
19984149000.8
199841421000.2
19984159001.2
199841521000.8
19984169000.6
199841621000
19984179005.4
199841721000
19984189000
199841821000
19984199000
1998419210012.2
19984209001.8
199842021000
19984219000.6
199842121004
19984229002.4
199842221002.8
19984239000.4
199842321007.2
19984249001.2
199842421000.4
19984259003.6
199842521005.6
19984269004.4
199842621004
19984279000.4
199842721005
19984289000.6
199842821002.2
19984299000
199842921000.2
19984309000
199843021000
1998519000
19985121000
1998529000
19985221000
1998539000
19985321000
1998549000
19985421000
1998559001
199855210010
1998569007
19985621000.4
1998579002.8
19985721001
1998589000.2
19985821000
1998599000.6
19985921000
19985109000
199851021005.4
19985119003.4
199851121000.8
19985129000.2
199851221000
19985139000
199851321000
19985149001.8
199851421000
19985159000
199851521000
19985169000
199851621000
19985179000
199851721000
19985189000
199851821000
19985199000
199851921000
19985209000
199852021000
19985219000
199852121000
19985229000
199852221000
19985239000
199852321000.2
19985249000
199852421000
19985259000
199852521000.4
19985269000
199852621004.2
19985279000.2
199852721000
19985289000
199852821000
19985299000
199852921000
19985309000
199853021000
19985319003
199853121000
1998619000
19986121007.8
19986290018.6
19986221009.4
1998639000
19986321000
1998649000
19986421000
1998659000
19986521000
1998669004.8
19986621003.8
1998679006.4
19986721001.4
1998689000
199868210014.8
1998699003
19986921003.2
19986109005.2
199861021000.2
19986119005.2
199861121000
19986129000
199861221000
19986139009.2
1998613210015.8
19986149003
199861421000.2
19986159000
199861521000.2
19986169000
199861621002
19986179002.6
199861721001.4
199861890010.2
199861821005.6
19986199000.2
199861921000
19986209000
199862021001.6
19986219000
199862121000
19986229004
199862221000
19986239004.2
199862321000.2
19986249003.2
199862421001.6
19986259001
199862521000.6
19986269005.8
199862621004
19986279006.4
199862721001.8
19986289000
199862821003
19986299000
199862921000
19986309000.2
199863021000
1998719000
19987121000
1998729000
19987221000
1998739000
1998749000
19987421000
1998759000
19987521000
1998769000
19987621000
1998779000
19987721000
1998789000.2
19987821000.2
1998799001
19987921000
19987109000.4
199871021002
19987119001.2
199871121004.2
19987129006.2
199871221001.6
19987139000.4
199871321003.6
19987149000.4
199871421004
19987159001.6
199871521000
19987169000
199871621000
19987179000.6
199871721000.6
19987189000
199871821000
19987199000.8
199871921001.6
19987209004.8
199872021004.6
19987219005.6
199872121006.2
19987229002.2
199872221003.4
19987239003.2
199872321000
19987249000
19987259000
199872521000
19987269000.2
199872621003.2
19987279000
199872721000.2
19987289002
199872821000.2
19987299001.6
199872921002.6
199873090013.2
199873021008.8
19987319000.2
199873121000
1998819004.2
19988121000.2
1998829000
19988221000
1998839007
199883210010.6
1998849000
19988421000
1998859000
19988521000
1998869000
19988621000
1998879000.2
19988721000
1998889000
1998899000
19988921000
19988109000
199881021000
19988119000.2
199881121000
19988129000.8
199881221002
19988139000
199881321001.4
19988149001.4
199881421006.6
19988159000.6
199881521000.2
19988169000
199881621000.2
19988179002.6
199881721000.2
19988189000.2
199881821000
19988199000
199881921000.2
19988209000
199882021003.8
19988219005.8
199882121000
19988229000.2
199882221000
19988239001.6
1998823210026.2
19988249000.8
199882421000.8
19988259000
199882521000.6
19988269001.4
199882621000
19988279000
199882721000
19988289000
199882821000
19988299000
199882921000
19988309000.2
199883021000
19988319000
199883121001.4
1998919001.8
19989121006.4
1998929000.2
19989221000
1998939000
19989321000
1998949000.2
19989421009.8
1998959000.6
19989521000
1998969000.2
19989621001.6
1998979000
19989721005
1998989007.2
19989821000.2
19989990012.2
199899210015.4
199891090011.8
199891021005.8
19989119001.6
199891121002.2
19989129006.2
199891221005.6
19989139005.8
199891321000.6
19989149000.8
199891421000
19989159000.2
199891521001.4
19989169000
199891621000.2
19989179000
199891721000
19989189000.4
199891821001.4
19989199000.4
199891921000.2
19989209000.2
199892021000
19989219000.2
199892121000
19989229000
199892221000
19989239000
199892321000
19989249000
199892421000
19989259000
199892521000
19989269000.8
199892621001.8
19989279001.2
199892721000
19989289000
199892821000
19989299000
199892921000
199893090017.2
199893021009
19981019001.2
199810121004
19981029000.2
199810221000
19981039000
199810321000
19981049000
199810421000.2
19981059000
199810521002.4
19981069000.6
199810621000
19981079000
199810721000
19981089000
199810821000
19981099000.2
199810921005.8
199810109000.2
1998101021000
199810119004.6
1998101121000.2
199810129001.2
1998101221000
199810139002.6
19981013210016.2
1998101490012.6
1998101421000
199810159000.2
1998101521000
199810169001.6
19981016210051
199810179001.2
1998101721006.2
199810189000.2
1998101821002.2
199810199001.8
1998101921000.8
199810209001.6
1998102021004
1998102190016.6
1998102121003
199810229007.8
19981022210022
1998102390032
1998102321004.8
199810249006.4
19981024210043
199810259006.2
1998102521001.6
199810269005.4
1998102621000.6
1998102790049.2
19981027210037.6
1998102890011.6
1998102821003.8
199810299004.2
1998102921005
199810309008.2
1998103021000.2
199810319003.6
1998103121004
19981119000.6
199811121000.8
19981129006.6
1998112210011.6
19981139001.4
199811321000.2
19981149001.2
199811421000.6
19981159006.8
199811521003.4
19981169007.4
199811621000.6
19981179000.4
199811721000
199811890012.2
199811821002.4
199811990020.4
199811921001.6
199811109003.2
1998111021000.6
199811119000
1998111121000.4
1998111290010.4
19981112210015.4
199811139000.6
1998111321000.6
199811149007
1998111421002.6
199811159001.6
1998111521000.2
199811169000.2
1998111621000
199811179000
1998111721000
199811189000
1998111821000
199811199000
1998111921000
199811209000
1998112021000
199811219000
1998112121000.2
199811229000
1998112221005
199811239000.6
1998112321000
1998112490010
1998112421000
199811259000
199811269003
199811279008.6
199811289005.2
199811299001
199811309000
19981219000
19981229000
19981239000
199812321001.4
19981249000.8
199812421000
19981259000
199812521001.2
19981269000
199812621000
19981279000
199812721000
199812890014
19981299000.4
19981299004.4
199812921000
199812109000
1998121021006.8
199812119001.4
1998121121003.6
199812129007.6
19981212210010
199812139001
19981213210012.6
199812149003
19981214210011.6
199812159001.2
1998121521007.2
199812169000
1998121621000
199812179000
1998121721004.2
199812189006.2
1998121821008.8
199812199002.6
1998121921000.4
199812209000.2
1998122021000
199812219000
1998122121002
199812229000
1998122221002.4
199812239002.6
1998122321001.8
199812249000
1998122421008.4
199812259007.2
19981225210011.2
199812269001.4
1998122621009.8
199812279000
1998122721008.2
199812289004
1998122821001.4
199812299000.2
1998122921000.2
199812309002.4
1998123021000
199812319000
1998123121000.8
