0 10.0 20.0
0.1 10.49 21.444
0.2 11.003374306 22.9883196816
0.30000000000000004 11.541165581841037 24.639361446651847
0.4 12.104454762026549 26.403854385877928
0.5 12.694361502349654 28.28885877129915
0.6 13.312044511776225 30.301768506109795
0.7 13.95870174863239 32.45031114731713
0.7999999999999999 14.635570462964752 34.74254507681369
0.8999999999999999 15.343927065810808 37.18685335641052
0.9999999999999999 16.08508680506861 39.791933762629576
1.0999999999999999 16.860403226727875 42.56678445887277
1.2 17.67126739946483 45.52068472736807
1.3 18.519106880062303 48.66317015275391
1.4000000000000001 19.40538439685412 52.004001625344344
1.5000000000000002 20.33159622847448 55.553127517403134
1.6000000000000003 21.299270255690498 59.32063838287886
1.7000000000000004 22.309963665087352 63.31671354308699
1.8000000000000005 23.365260284941368 67.55155895114567
1.9000000000000006 24.466767535840606 72.03533578020482
2.0000000000000004 25.61611298157748 76.77807925843146
2.1000000000000005 26.814940469622293 81.78960738112903
2.2000000000000006 28.06490585515997 87.07941927092108
2.3000000000000007 29.36767230829101 92.65658313388325
2.400000000000001 30.724905210598155 98.52961397546532
2.500000000000001 32.138266654872226 104.70634149662317
2.600000000000001 33.60940957034999 111.19376888803119
2.700000000000001 35.139971505278396 117.99792357706275
2.800000000000001 36.731568108868224 125.12370135471822
2.9000000000000012 38.385786365566204 132.57470571158404
3.0000000000000013 40.104177645826304 140.3530846340277
3.1000000000000014 41.88825064890265 148.45936754180693
3.2000000000000015 43.7394643242573 156.89230547044963
3.3000000000000016 45.659220868554634 165.64871799732003
3.4000000000000017 47.64885890442538 174.72335075757286
3.5000000000000018 49.70964695471306 184.10874767139097
3.600000000000002 51.842777331230124 193.79514218199097
3.700000000000002 54.04936055962048 203.7703718599853
3.800000000000002 56.330420461255606 214.01982064068625
3.900000000000002 58.686890008757985 224.52639270733198
4.000000000000002 61.11960806342892 235.2705216011349
4.100000000000001 63.62931709038051 246.23021752224182
4.200000000000001 66.21666193053123 257.3811549872684
4.300000000000001 68.88218968801964 268.696802042889
4.4 71.62635076743774 280.1485911263475
4.5 74.44950106822115 291.70613044941433
4.6 77.35190531440435 303.3374535093033
4.699999999999999 80.33374146778203 315.00930305377705
4.799999999999999 83.39510614247381 326.6874446088502
4.899999999999999 86.53602091020755 338.33700357852246
4.999999999999998 89.75643935956013 349.9228190065529
5.099999999999998 93.05625475009562 361.40980640312006
5.1999999999999975 96.43530808484888 372.7633216258135
5.299999999999997 99.89339641272741 383.9495176917012
5.399999999999997 103.43028116668896 394.9356865951496
5.4999999999999964 107.04569634423 405.69057870656394
5.599999999999996 110.739356343702 416.18469310459454
5.699999999999996 114.51096328285362 426.3905332072223
5.799999999999995 118.36021364409174 436.28282326151015
5.899999999999995 122.28680411334058 445.8386825651816
5.999999999999995 126.29043650496993 455.0377556591447
6.099999999999994 130.37082169287675 463.8622980829746
6.199999999999994 134.5276824962412 472.297218564642
6.299999999999994 138.76075549658972 480.33007966956666
6.399999999999993 143.06979178955282 487.95105992183204
6.499999999999993 147.45455669923246 495.15288120436486
6.5999999999999925 151.9148285047173 501.93070583048683
6.699999999999992 156.450396246535 508.2820080544251
6.799999999999992 161.0610566954494 514.2064249621152
6.8999999999999915 165.74661057692944 519.7055916739229
6.999999999999991 170.50685815194313 524.7829656223264
7.099999999999991 175.3415942586999 529.4436443688708
7.19999999999999 180.2506029209314 533.6941810263751
7.29999999999999 185.2336516266751 537.5424008847801
7.39999999999999 190.2904853777598 540.9972223306366
7.499999999999989 195.4208206047497 544.0684846264626
7.599999999999989 200.62433903542336 546.7667845986028
7.699999999999989 205.90068159735904 549.103323788139
7.799999999999988 211.24944242723032 551.0897671619031
7.899999999999988 216.67016305129346 552.7381140687654
7.999999999999988 222.16232679352584 554.0605817654978
8.099999999999987 227.72535346014652 555.0695015289101
8.199999999999987 233.35859434196095 555.7772271163736
8.299999999999986 239.06132756921747 556.1960551330131
8.399999999999986 244.83275384749902 556.3381567071277
8.499999999999986 250.6719925976203 556.2155197611701
8.599999999999985 256.5780785175519 555.8399010887587
8.699999999999985 262.54995858002303 555.2227874034003
8.799999999999985 268.5864894756194 554.3753645066193
8.899999999999984 274.6864355078435 553.3084937270631
8.999999999999984 280.8484669436829 552.0326948032937
9.099999999999984 287.0711588206788 550.5581344172984
9.199999999999983 293.35299020924725 548.8946196296642
9.299999999999983 299.69234392702106 547.0515955177993
9.399999999999983 306.08750670020487 545.0381463729976
9.499999999999982 312.5366697653224 542.8629998684162
9.599999999999982 319.03792990324644 540.5345336665188
9.699999999999982 325.58929089600673 538.060783989925
9.799999999999981 332.1886653955431 535.4494557329258
9.89999999999998 338.83387719228944 532.7079337414914
9.99999999999998 345.52266387022786 529.8432949369325
10.09999999999998 352.25267983383065 526.8623210022089
10.19999999999998 359.02149969110394 523.771511390071
10.29999999999998 365.8266219757682 520.5770964487633
10.399999999999979 372.6654731904514 517.2850504939737
10.499999999999979 379.53541215164375 513.9011046852318
10.599999999999978 386.4337346160727 510.43075959120245
10.699999999999978 393.3576781671164 506.87929735151766
10.799999999999978 400.3044273388916 503.25179336315085
10.899999999999977 407.27111895474263 499.5531274371039
10.999999999999977 414.2548476560311 495.7879943865755
11.099999999999977 421.25267159639907 491.9609140210384
11.199999999999976 428.2616182760546 488.0762405319852
11.299999999999976 435.27869049012804 484.1381712657148
11.399999999999975 442.3008723647738 480.1507548866063
11.499999999999975 449.3251354544567 476.11789894104794
11.599999999999975 456.3484448737718 472.0433768377045
11.699999999999974 463.3677654372037 467.93083426427
11.799999999999974 470.3800677804455 463.7837950643886
11.899999999999974 477.38233443726443 459.6056666011563
11.999999999999973 484.37156584642264 455.3997446356413
12.099999999999973 491.34478626383736 451.16921775027555
12.199999999999973 498.2990495559881 446.9171713478601
12.299999999999972 505.23144485154523 442.6465912573612
12.399999999999972 512.1391020292943 438.3603669777217
12.499999999999972 519.0191970216604 434.0612945906303
12.599999999999971 525.8689569144776 429.7520793726293
12.69999999999997 532.6856648250977 425.4353381361456
12.79999999999997 539.4666645424661 421.11360132804344
12.89999999999997 546.2093649144131 416.7893149131468
12.99999999999997 552.9112439690779 412.46484206890995
13.09999999999997 559.5698527591144 408.14246471603866
13.199999999999969 566.1828189190799 403.8243849084216
13.299999999999969 572.7478499281832 399.5127261042296
13.399999999999968 579.2627360723459 395.20953433851196
13.499999999999968 585.7253531012921 390.91677931606966
13.599999999999968 592.1336645781219 386.63635544184
13.699999999999967 598.4857239205195 382.37008280449066
13.799999999999967 604.7796761343922 378.1197081274126
13.899999999999967 611.0137592423175 373.88690569982634
13.999999999999966 617.1863054106838 369.67327829928394
14.099999999999966 623.2957417808287 365.480358115469
14.199999999999966 629.3405910108169 361.3096076838757
14.299999999999965 635.3194715357241 357.16242083668624
14.399999999999965 641.2310975554292 353.0401236769748
14.499999999999964 647.0742787599313 348.94397558124325
14.599999999999964 652.8479198031222 344.8751702342437
14.699999999999964 658.5510195367358 340.8348366990682
14.799999999999963 664.1826700168837 336.8240405245856
14.899999999999963 669.7420552961527 332.84378489147923
14.999999999999963 675.2284500147003 328.89501179739005
15.099999999999962 680.6412178041346 324.97860328099233
15.199999999999962 685.97980951821 321.0953826842234
15.299999999999962 691.243761304516 317.24611595135536
15.399999999999961 696.4326925313845 313.43151296312783
15.499999999999961 701.5463035842006 309.6522289037591
15.59999999999996 706.5843735451768 305.9088656583112
15.69999999999996 711.5467577704469 302.2019732376016
15.79999999999996 716.4333853780613 298.53205122762796
15.89999999999996 721.2442566601293 294.89955026029327
15.99999999999996 725.9794404319523 291.3048735020916
16.09999999999996 730.6390713305517 287.74837815732957
16.19999999999996 735.2233470744972 284.23037698241245
16.29999999999996 739.7325256964193 280.7511398077165
16.399999999999963 744.1669227590273 277.3108950635932
16.499999999999964 748.5269085648711 273.9098313071035
16.599999999999966 752.8129053694847 270.54809874616114
16.699999999999967 757.0253846069345 267.22581075786394
16.79999999999997 761.1648641361705 263.9430453979142
16.89999999999997 765.2319055159576 260.699846898166
16.99999999999997 769.2271113155363 257.4962271494876
17.099999999999973 773.1511224675496 254.33216716728916
17.199999999999974 777.0046156691607 251.20761853723533
17.299999999999976 780.7883008366924 248.1225048388379
17.399999999999977 784.502918618543 245.076723044804
17.49999999999998 788.1492379705667 242.07014489419697
17.59999999999998 791.7280537975711 239.1026182376491
17.69999999999998 795.2401846640652 236.1739683530471
17.799999999999983 798.6864705768935 233.28399923028923
17.899999999999984 802.0677708419269 230.43249482388896
17.999999999999986 805.3849619965328 227.61922027236923
18.099999999999987 808.638935819133 224.8439230835574
18.19999999999999 811.8305974167625 222.10633428504877
18.29999999999999 814.9608633911809 219.406169539259
18.39999999999999 818.0306600837483 216.7431302226291
18.499999999999993 821.0409218989672 214.1169044686851
18.599999999999994 823.9925897063022 211.5271681747815
18.699999999999996 826.8866093196328 208.97358597247958
18.799999999999997 829.7239300534549 206.45581216162395
18.9 832.5055033547321 203.97349160828455
19.0 835.2322815091135 201.52626060682823
19.1 837.9052164200572 199.1137477064719
19.200000000000003 840.5252584592579 196.73557450274964
19.300000000000004 843.0933553866444 194.39135639439883
19.400000000000006 845.6104513381032 192.08070330623613
19.500000000000007 848.0774858789937 189.80322037865187
19.60000000000001 850.4953931214401 187.55850862440295
19.70000000000001 852.8651009033279 185.34616555342953
19.80000000000001 855.1875300268828 183.16578576645915
19.900000000000013 857.4635935546765 181.01696151819505
20.000000000000014 859.6941961608819 178.8992832509125
20.100000000000016 861.880233535587 176.81234009930984
20.200000000000017 864.0225918399792 174.75572036747732
20.30000000000002 866.1221472102152 172.7290119788609
20.40000000000002 868.1797653078086 170.73180290010572
20.50000000000002 870.1963009143931 168.76368153967016
20.600000000000023 872.1725975687452 166.82423712210186
20.700000000000024 874.1094872439867 164.91306003886575
20.800000000000026 876.0077900629285 163.02974217660966
20.900000000000027 877.8683140495616 161.17387722374534
21.00000000000003 879.6918549147476 159.3450609562135
21.10000000000003 881.4791958742156 157.54289150328958
21.20000000000003 883.2311074970232 155.7669695942731
21.300000000000033 884.9483475826984 154.01689878688885
21.400000000000034 886.6316610653341 152.2922856782109
21.500000000000036 888.2817799429695 150.59274009890265
21.600000000000037 889.8994232306469 148.9178752915474
21.70000000000004 891.4852969356003 147.26730807382407
21.80000000000004 893.0400940530851 145.64065898726184
21.90000000000004 894.5644945814238 144.03755243228707
22.000000000000043 896.0591655549007 142.45761679025347
22.100000000000044 897.5247610931981 140.90048453312545
22.200000000000045 898.9619224661252 139.36579232146215
22.300000000000047 900.371278172449 137.8531810913276
22.40000000000005 901.7534440316936 136.36229613073039
22.50000000000005 903.1090232878283 134.8927871461742
22.60000000000005 904.4386067238212 133.4443083198786
22.700000000000053 905.7427727860845 132.016518358208
22.800000000000054 907.0220877178944 130.60908053182501
22.900000000000055 908.2771057009104 129.22166270806377
23.000000000000057 909.5083690039763 127.85393737599775
23.10000000000006 910.716408138422 126.5055816646566
23.20000000000006 911.9017420191383 125.17627735482671
23.30000000000006 913.0648781307348 123.86571088485047
23.400000000000063 914.2063126981355 122.57357335082109
23.500000000000064 915.326530861004 121.29956050155067
23.600000000000065 916.426006851431 120.04337272867213
23.700000000000067 917.5052041743518 118.80471505221784
23.800000000000068 918.5645757901968 117.58329710200145
23.90000000000007 919.6045642993126 116.3788330951128
24.00000000000007 920.6256021277195 115.19104180982075
24.100000000000072 921.628111713807 114.01964655616327
24.200000000000074 922.6125056955937 112.86437514348968
24.300000000000075 923.5791870982057 111.72495984520617
24.400000000000077 924.5285495212564 110.60113736096213
24.500000000000078 925.460977325832 109.49264877650192
24.60000000000008 926.376845820812 108.39923952139448
24.70000000000008 927.2765214482768 107.32065932484107
24.800000000000082 928.1603619677729 106.25666216975036
24.900000000000084 929.0287166392302 105.20700624525895
25.000000000000085 929.8819264043377 104.1714538978653
25.100000000000087 930.7203240662103 103.14977158133469
25.200000000000088 931.5442344671868 102.14172980552381
25.30000000000009 932.3539746646222 101.14710308426436
25.40000000000009 933.1498541045468 100.16566988243622
25.500000000000092 933.9321747930803 99.19721256235285
25.600000000000094 934.7012314655035 98.24151732957367
25.700000000000095 935.4573117528975 97.29837417825063
25.800000000000097 936.2006963462766 96.36757683610922
25.900000000000098 936.9316591581485 95.44892270915757
26.0000000000001 937.6504674814452 94.5422128262106
26.1000000000001 938.3573821457782 93.64725178331061
26.200000000000102 939.0526576709798 92.76384768811951
26.300000000000104 939.7365424178994 91.89181210435284
26.400000000000105 940.4092787364305 91.03095999632035
26.500000000000107 941.0711031107527 90.18110967363324
26.600000000000108 941.7222463017779 89.34208273613352
26.70000000000011 942.3629334867946 88.51370401909645
26.80000000000011 942.9933843963121 87.69580153875326
26.900000000000112 943.6138134481077 86.8882064381772
27.000000000000114 944.2244298784892 86.09075293357257
27.100000000000115 944.8254378707829 85.30327826100257
27.200000000000117 945.4170366810671 84.52562262358916
27.300000000000118 945.9994207611695 83.75762913921454
27.40000000000012 946.572779878954 82.99914378875135
27.50000000000012 947.1372992359209 82.25001536484581
27.600000000000122 947.6931595821519 81.51009542127566
27.700000000000124 948.2405373286286 80.77923822290228
27.800000000000125 948.7796046569587 80.05730069623414
27.900000000000126 949.3105296265439 79.34414238061687
28.000000000000128 949.8334762792269 78.639625380063
28.10000000000013 950.3486047414532 77.94361431573275
28.20000000000013 950.856071323988 77.25597627907572
28.300000000000132 951.3560286192273 76.5765807856414
28.400000000000134 951.8486255961446 75.90529972956513
28.500000000000135 952.3340076929121 75.24200733873501
28.600000000000136 952.8123169072417 74.58658013064334
28.700000000000138 953.2836918844848 73.93889686892582
28.80000000000014 953.7482680035365 73.29883852058983
28.90000000000014 954.206177460584 72.66628821393263
29.000000000000142 954.6575493507445 72.04113119714928
29.100000000000144 955.102509747635 71.42325479762891
29.200000000000145 955.5411817809162 70.81254838193756
29.300000000000146 955.9736857118536 70.20890331648486
29.400000000000148 956.4001390069398 69.6122129288711
29.50000000000015 956.8206564096182 69.02237246991075
29.60000000000015 957.2353500101523 68.43927907632781
29.700000000000152 957.6443293136801 67.86283173411795
29.800000000000153 958.0477013064981 67.29293124257175
29.900000000000155 958.4455705206117 66.72948017895312
30.000000000000156 958.8380390965967 66.17238286382643
30.100000000000158 959.2252068448087 65.62154532702569
30.20000000000016 959.607171304981 65.07687527425854
30.30000000000016 959.9840278042502 64.53828205433793
30.400000000000162 960.3558695136469 64.00567662703354
30.500000000000163 960.7227875030895 63.478971531535485
30.600000000000165 961.0848707949185 62.95808085552201
30.700000000000166 961.442206416007 62.44292020482309
30.800000000000168 961.7948794484838 61.93340667367153
30.90000000000017 962.1429730791034 61.42945881553322
31.00000000000017 962.4865686472983 60.93099661450789
31.100000000000172 962.8257456919467 60.437941457291636
31.200000000000173 963.1605819968888 59.95021610569276
31.300000000000175 963.491153635224 59.467744669691925
31.400000000000176 963.8175350124213 58.990452581037935
31.500000000000178 964.1397989082733 58.51826656737036
31.60000000000018 964.4580165177246 58.05111462686014
31.70000000000018 964.772257490604 57.5889260033594
31.800000000000182 965.0825899702904 57.13163116205168
31.900000000000183 965.3890806313393 56.679161765593875
32.000000000000185 965.6917947160991 56.23145065074105
32.100000000000186 965.990796070344 55.78843180544565
32.20000000000019 966.2861471779489 55.350040346422304
32.30000000000019 966.5779091946339 54.916212497169845
32.40000000000019 966.866141980802 54.48688556644194
32.50000000000019 967.1509041334957 54.06199792715802
32.60000000000019 967.4322530174958 53.641488995746144
32.700000000000195 967.7102447955859 53.225299211909594
32.800000000000196 967.9849344580067 52.81337001880905
32.9000000000002 968.2563758511194 52.4056438436523
33.0000000000002 968.5246217053032 52.0020640786835
33.1000000000002 968.7897236621058 51.60257506256426
33.2000000000002 969.0517323006682 51.20712206213865
33.3000000000002 969.310697163444 50.8156512545746
33.400000000000205 969.5666667812325 50.42810970987414
33.500000000000206 969.8196886975436 50.04444537374511
33.60000000000021 970.0698094923156 49.66460705082688
33.70000000000021 970.3170748050009 49.288544388263084
33.80000000000021 970.5615293570388 48.91620785961417
33.90000000000021 970.8032169737327 48.547548749102816
34.00000000000021 971.0421806055465 48.18251913618543
34.100000000000215 971.2784623488383 47.82107188044285
34.200000000000216 971.5121034660463 47.46316060678383
34.30000000000022 971.7431444053414 47.108739690954614
34.40000000000022 971.9716248197628 46.75776424534832
34.50000000000022 972.1975835858502 46.41019010510784
34.60000000000022 972.4210588217858 46.065973814516035
34.70000000000022 972.6420879050617 45.7250726136673
34.800000000000225 972.8607074896846 45.3874444254144
34.900000000000226 973.0769535229309 45.05304784258488
35.00000000000023 973.2908612616644 44.72184211546129
35.10000000000023 973.5024652882299 44.393787139519624
35.20000000000023 973.7117995259333 44.068843443420434
35.30000000000023 973.9188972541205 43.746972177247336
35.40000000000023 974.1237911228656 43.42813510098749
35.500000000000234 974.3265131672804 43.112294573248995
35.600000000000236 974.527094821454 42.79941354021006
35.70000000000024 974.7255669320346 42.48945552479499
35.80000000000024 974.9219597714615 42.18238461607212
35.90000000000024 975.1163030508599 41.87816545886894
36.00000000000024 975.308625932604 41.576763243599714
36.10000000000024 975.498957042561 41.27814369630102
36.200000000000244 975.687324482023 40.98227306887078
36.300000000000246 975.8737558393358 40.689118129506284
36.40000000000025 976.0582782012332 40.398646153337026
36.50000000000025 976.2409181638849 40.11082491324809
36.60000000000025 976.4217018436653 39.825622670889956
36.70000000000025 976.6006548876522 39.54300816787077
36.80000000000025 976.777802483861 39.26295061712702
36.900000000000254 976.9531693712233 38.985419694468874
37.000000000000256 977.1267798493161 38.71038553029636
37.10000000000026 977.2986577878486 38.43781870148264
37.20000000000026 977.4688266359132 38.1676902234209
37.30000000000026 977.6373094310071 37.89997154223114
37.40000000000026 977.804128807831 37.634634527123595
37.50000000000026 977.9693070068706 37.37165146291523
37.600000000000264 978.132865882767 37.11099504269615
37.700000000000266 978.2948269124818 36.85263836064258
37.80000000000027 978.4552112032624 36.596554904973296
37.90000000000027 978.614039500413 36.342718551046424
38.00000000000027 978.7713321948762 36.09110355459356
38.10000000000027 978.9271093306305 35.841684545088214
38.20000000000027 979.0813906119092 35.59443651924578
38.300000000000274 979.2341954102444 35.34933483465212
38.400000000000276 979.3855427713418 35.106355203517964
38.50000000000028 979.5354514217901 34.86547368655658
38.60000000000028 979.6839397756102 34.626666686981864
38.70000000000028 979.8310259406476 34.389910944624425
38.80000000000028 979.9767277248129 34.15518353016303
38.90000000000028 980.1210626421737 33.92246183946898
39.000000000000284 980.2640479189027 33.691723588061016
39.100000000000286 980.4057004990854 33.462946805668366
39.20000000000029 980.5460370503902 33.2361098308996
39.30000000000029 980.685073969607 33.0111913060151
39.40000000000029 980.8228273880545 32.78817017180086
39.50000000000029 980.9593131768627 32.56702566254151
39.60000000000029 981.0945469521312 32.34773730109046
39.700000000000294 981.2285440799689 32.13028489403502
39.800000000000296 981.3613196814163 31.914648526954576
39.9000000000003 981.492888637255 31.700808559769808
40.0000000000003 981.6232655927059 31.488745622181018
40.1000000000003 981.7524649620202 31.278440609193684
40.2000000000003 981.880500932965 31.069874676729402
40.3000000000003 982.0073874712069 30.86302923732042
40.400000000000304 982.1331383245963 30.657885955886
40.500000000000306 982.2577670273538 30.45442674558889
40.60000000000031 982.3812869041628 30.25263376377019
40.70000000000031 982.5037110741697 30.052489407961044
40.80000000000031 982.625052454894 29.853976311969447
40.90000000000031 982.7453237660511 29.6570773420407
41.00000000000031 982.8645375332902 29.461775593089886
41.100000000000314 982.9827060918481 29.26805438500492
41.200000000000315 983.0998415901224 29.075897259018685
41.30000000000032 983.2159559931665 28.88528797414883
41.40000000000032 983.331061086106 28.69621050370379
41.50000000000032 983.445168477481 28.5086490318537
41.60000000000032 983.5582896025152 28.322587950264847
41.70000000000032 983.6704357263127 28.138011854796318
41.800000000000324 983.7816179469867 27.954905542257602
41.900000000000325 983.8918471987186 27.77325400722588
42.00000000000033 984.001134254752 27.59304243892174
42.10000000000033 984.1094897303217 27.414256218142175
42.20000000000033 984.2169240855197 27.236880914249667
42.30000000000033 984.3234476281 27.060902282216176
42.40000000000033 984.4290705162226 26.88630625972097
42.500000000000334 984.5338027611402 26.713078964301165
42.600000000000335 984.6376542298271 26.54120669055389
42.70000000000034 984.7406346475523 26.37067590738908
42.80000000000034 984.8427536003985 26.201473255331827
42.90000000000034 984.9440205377284 26.033585543873272
43.00000000000034 985.0444447745987 25.866999748869116
43.10000000000034 985.1440354941235 25.701703009984744
43.200000000000344 985.2428017497891 25.537682628186026
43.300000000000345 985.3407524677201 25.37492606327491
43.40000000000035 985.4378964488984 25.213420931468857
43.50000000000035 985.5342423713372 25.053155003023296
43.60000000000035 985.6297987922088 24.894116199896192
43.70000000000035 985.7245741499304 24.73629259345393
43.80000000000035 985.8185767662055 24.57967240221764
43.900000000000354 985.9118148480251 24.424243989649227
44.000000000000355 986.0042964896269 24.269995861976245
44.10000000000036 986.0960296744157 24.116916666054905
44.20000000000036 986.1870222768446 23.96499518727044
44.30000000000036 986.277282064258 23.81422034747408
44.40000000000036 986.3668166986982 23.664581202955944
44.50000000000036 986.4556337386753 23.516066942453108
44.600000000000364 986.5437406409014 23.3686668851922
44.700000000000365 986.6311447619917 23.222370478965814
44.80000000000037 986.7178533601297 23.077167298242085
44.90000000000037 986.8038735967011 22.933047042306814
45.00000000000037 986.8892125378953 22.78999953343746
45.10000000000037 986.9738771562744 22.648014715108413
45.20000000000037 987.0578743323122 22.507082650226934
45.300000000000374 987.1412108559027 22.367193519399166
45.400000000000375 987.2238934278403 22.228337619225638
45.50000000000038 987.305928661269 22.090505360625695
45.60000000000038 987.3873230831063 21.953687267190293
45.70000000000038 987.4680831354366 21.81787397356263
45.80000000000038 987.5482151768806 21.683056223846048
45.90000000000038 987.6277254839365 21.549224870038724
46.000000000000384 987.7066202522961 21.41637087049462
46.100000000000385 987.7849055981361 21.28448528841018
46.20000000000039 987.862587559384 21.153559290336315
46.30000000000039 987.9396720969611 21.023584144715162
46.40000000000039 988.0161650960008 20.894551220441187
46.50000000000039 988.0920723670449 20.766451985446132
46.60000000000039 988.1673996472168 20.639278005307393
46.700000000000394 988.242152601373 20.51302094187936
46.800000000000395 988.316336823233 20.387672551947322
46.9000000000004 988.3899578364876 20.263224685903456
47.0000000000004 988.463021095888 20.139669286444562
47.1000000000004 988.5355319883132 20.016998387291082
47.2000000000004 988.6074958338182 19.895204111927033
47.3000000000004 988.6789178866636 19.774278672360445
47.400000000000404 988.7498033363252 19.65421436790397
47.500000000000405 988.8201573084855 19.53500358397521
47.600000000000406 988.8899848660077 19.416638790916505
47.70000000000041 988.959291009891 19.299112542833697
47.80000000000041 989.0280806802092 19.182417476453654
47.90000000000041 989.0963587570321 19.066546310000106
48.00000000000041 989.1641300613304 18.951491842087503
48.10000000000041 989.2313993558639 18.837246950632565
48.200000000000415 989.2981713460545 18.723804591783196
48.300000000000416 989.3644506808425 18.61115779886445
48.40000000000042 989.4302419535292 18.49929968134122
48.50000000000042 989.4955497026026 18.38822342379738
48.60000000000042 989.5603784125503 18.277922284931062
48.70000000000042 989.6247325146566 18.168389596565767
48.80000000000042 989.688616387786 18.05961876267706
48.900000000000425 989.7520343591538 17.951603258434538
49.000000000000426 989.8149907050812 17.844336629258784
49.10000000000043 989.8774896517396 17.737812489893113
49.20000000000043 989.9395353758798 17.632024523489743
49.30000000000043 990.0011320055502 17.526966480710215
49.40000000000043 990.0622836208009 17.42263217883977
49.50000000000043 990.1229942543775 17.31901550091545
49.600000000000435 990.1832678924011 17.216110394867666
49.700000000000436 990.2431084750377 17.113910872675003
49.80000000000044 990.3025198971563 17.012411009532048
49.90000000000044 990.3615060089746 16.91160494302997
50.00000000000044 990.4200706166949 16.81148687234967
50.10000000000044 990.4782174831287 16.71205105746724
50.20000000000044 990.5359503283102 16.613291818371568
50.300000000000445 990.5932728301004 16.51520353429382
50.400000000000446 990.6501886247806 16.417780642948635
50.50000000000045 990.7067013076355 16.3210176397868
50.60000000000045 990.7628144335271 16.224909077259234
50.70000000000045 990.8185315174584 16.12944956409207
50.80000000000045 990.8738560351287 16.03463376457263
50.90000000000045 990.9287914234785 15.940456397846127
51.000000000000455 990.9833410812263 15.846912237222918
51.100000000000456 991.0375083693955 15.753996109496082
51.20000000000046 991.0912966118339 15.661702894269196
51.30000000000046 991.1447090957234 15.570027523294105
51.40000000000046 991.1977490720826 15.47896497981853
51.50000000000046 991.2504197562596 15.388510297943338
51.60000000000046 991.302724328418 15.298658561989308
51.700000000000465 991.354665934015 15.209404905873251
51.800000000000466 991.4062476842706 15.120744512493292
51.90000000000047 991.4574726566308 15.0326726131232
52.00000000000047 991.5083438952216 14.945184486815572
52.10000000000047 991.5588644112972 14.85827545981376
52.20000000000047 991.6090371836799 14.771940904972366
52.30000000000047 991.6588651591939 14.686176241186185
52.400000000000475 991.708351253091 14.600976932827422
52.500000000000476 991.7574983494709 14.516338489191087
52.60000000000048 991.8063093016935 14.432256463948399
52.70000000000048 991.8547869327858 14.348726454608077
52.80000000000048 991.9029340358412 14.265744101985396
52.90000000000048 991.9507533744137 14.183305089678862
53.00000000000048 991.9982476829049 14.101405143554398
53.100000000000485 992.0454196669456 14.0200400312369
53.200000000000486 992.0922720037712 13.939205561609056
53.30000000000049 992.1388073425909 13.858897584317308
53.40000000000049 992.1850283049519 13.779111989284832
53.50000000000049 992.2309374850969 13.699844706231415
53.60000000000049 992.2765374503174 13.621091704200147
53.70000000000049 992.3218307413002 13.542848991090779
53.800000000000495 992.3668198724697 13.465112613199665
53.900000000000496 992.4115073323236 13.387878654766174
54.0000000000005 992.455895583765 13.311143237525464
54.1000000000005 992.4999870644285 13.234902520267513
54.2000000000005 992.5437841870013 13.15915269840232
54.3000000000005 992.5872893395396 13.083890003531161
54.4000000000005 992.6305048857803 13.009110703023813
54.500000000000504 992.6734331654479 12.934811099601644
54.600000000000506 992.7160764945568 12.860987530926481
54.70000000000051 992.7584371657086 12.787636369195162
54.80000000000051 992.8005174483859 12.714754020739678
54.90000000000051 992.8423195892406 12.642336925632819
55.00000000000051 992.8838458123786 12.570381557299239
55.10000000000051 992.92509831964 12.498884422131852
55.200000000000514 992.9660792908754 12.427842059113473
55.300000000000516 993.0067908842175 12.357251039443625
55.40000000000052 993.047235236349 12.287107966170428
55.50000000000052 993.0874144627672 12.217409473827493
55.60000000000052 993.1273306580435 12.148152228075737
55.70000000000052 993.1669858960797 12.079332925350053
55.80000000000052 993.2063822303609 12.010948292510747
55.900000000000524 993.2455216942038 11.942995086499675
56.000000000000526 993.2844063010024 11.875470094001
56.10000000000053 993.3230380444692 11.808370131106518
56.20000000000053 993.3614188988734 11.741692042985441
56.30000000000053 993.3995508192755 11.675432703558629
56.40000000000053 993.437435741759 11.609589015177129
56.50000000000053 993.4750755836576 11.54415790830502
56.600000000000534 993.5124722437802 11.479136341206468
56.700000000000536 993.5496276026324 11.414521299636915
56.80000000000054 993.5865435226347 11.35030979653837
56.90000000000054 993.6232218483373 11.286498871738717
57.00000000000054 993.6596644066325 11.223085591654973
57.10000000000054 993.6958730069638 11.160067049000471
57.20000000000054 993.7318494415316 11.097440362495865
57.300000000000544 993.7675954854966 11.03520267658393
57.400000000000546 993.8031128971801 10.973351161148083
57.50000000000055 993.8384034182612 10.911883011234574
57.60000000000055 993.873468773972 10.850795446778303
57.70000000000055 993.9083106732891 10.790085712332184
57.80000000000055 993.9429308091228 10.729751076800024
57.90000000000055 993.9773308585044 10.669788833172861
58.000000000000554 994.0115124827693 10.610196298268692
58.100000000000556 994.045477327739 10.550970812475573
58.20000000000056 994.0792270239004 10.492109739498003
58.30000000000056 994.1127631865814 10.433610466106577
58.40000000000056 994.1460874161256 10.375470401890833
58.50000000000056 994.1792012980638 10.317686979015267
58.60000000000056 994.2121064032832 10.260257651978451
58.700000000000564 994.2448042881944 10.203179897375225
58.800000000000566 994.277296494896 10.146451213661901
58.90000000000057 994.3095845513374 10.090069120924452
59.00000000000057 994.3416699714786 10.03403116064963
59.10000000000057 994.3735542554484 9.978334895498966
59.20000000000057 994.4052388897005 9.922977909085636
59.30000000000057 994.4367253471669 9.867957805754116
59.400000000000574 994.46801508741 9.81327221036261
59.500000000000576 994.499109556772 9.758918768068199
59.60000000000058 994.530010188523 9.704895144114683
59.70000000000058 994.560718403006 9.651199023623064
59.80000000000058 994.5912356077815 9.59782811138464
59.90000000000058 994.6215631977686 9.544780131656667
60.00000000000058 994.6517025553852 9.492052827960562
60.100000000000584 994.6816550506862 9.439643962882593
60.200000000000585 994.7114220414996 9.387551317877048
60.30000000000059 994.7410048735612 9.335772693071807
60.40000000000059 994.7704048806468 9.284305907076329
60.50000000000059 994.7996233847034 9.233148796791987
60.60000000000059 994.8286616959786 9.182299217224728
60.70000000000059 994.8575211131478 9.131755041300021
60.800000000000594 994.8862029234402 9.081514159680074
60.900000000000595 994.9147084027633 9.031574480583267
61.0000000000006 994.9430388158245 8.981933929605791
61.1000000000006 994.9711954162532 8.93259044954545
61.2000000000006 994.9991794467197 8.883542000227584
61.3000000000006 995.0269921390533 8.834786558333118
61.4000000000006 995.0546347143581 8.786322117228671
61.500000000000604 995.0821083831288 8.738146686798718
61.600000000000605 995.1094143453631 8.690258293279763
61.70000000000061 995.1365537906743 8.642654979096509
61.80000000000061 995.1635278984015 8.595334802699984
61.90000000000061 995.1903378377189 8.548295838407606
62.00000000000061 995.2169847677432 8.501536176245152
62.10000000000061 995.24346983764 8.45505392179061
62.200000000000614 995.269794186729 8.408847196019888
62.300000000000615 995.2959589445875 8.36291413515435
62.40000000000062 995.3219652311526 8.317252890510154
62.50000000000062 995.3478141568223 8.271861628349383
62.60000000000062 995.3735068225556 8.226738529732911
62.70000000000062 995.3990443199705 8.181881790375021
62.80000000000062 995.4244277314415 8.13728962049972
62.900000000000624 995.4496581301959 8.092960244698736
63.000000000000625 995.4747365804083 8.048891901791183
63.10000000000063 995.4996641372945 8.00508284468487
63.20000000000063 995.5244418472041 7.961531340239207
63.30000000000063 995.5490707477114 7.918235669129734
63.40000000000063 995.5735518677063 7.875194125714197
63.50000000000063 995.597886227483 7.832405017900195
63.600000000000634 995.622074838828 7.7898666670143495
63.700000000000635 995.6461187051075 7.7475774076729875
63.80000000000064 995.6700188213526 7.705535587654314
63.90000000000064 995.693776174345 7.663739567772057
64.00000000000064 995.7173917426996 7.622187721750561
64.10000000000063 995.7408664969486 7.580878436101316
64.20000000000063 995.764201399622 7.539810110000896
64.30000000000062 995.7873974053296 7.498981155170289
64.40000000000062 995.8104554608395 7.45838999575561
64.50000000000061 995.8333765051583 7.418035068210165
64.6000000000006 995.8561614696077 7.377914821177856
64.7000000000006 995.8788112779024 7.338027715377907
64.8000000000006 995.9013268462253 7.2983722234908965
64.90000000000059 995.9237090833032 7.2589468300460736
65.00000000000058 995.9459588904807 7.219750031309948
65.10000000000058 995.9680771617938 7.180780335176129
65.20000000000057 995.9900647840417 7.142036261056406
65.30000000000057 996.0119226368593 7.103516339773048
65.40000000000056 996.0336515927871 7.065219113452308
65.50000000000055 996.0552525173415 7.027143135419117
65.60000000000055 996.0767262690837 6.989286970092953
65.70000000000054 996.098073699688 6.951649192884866
65.80000000000054 996.1192956540093 6.914228390095649
65.90000000000053 996.1403929701495 6.877023158815139
66.00000000000053 996.1613664795236 6.840032106822632
66.10000000000052 996.1822170069248 6.803253852488393
66.20000000000051 996.2029453705886 6.76668702467626
66.30000000000051 996.2235523822567 6.730330262647313
66.4000000000005 996.2440388472394 6.694182215964606
66.5000000000005 996.264405564478 6.658241544398942
66.60000000000049 996.2846533266064 6.622506917835681
66.70000000000049 996.3047829200112 6.58697701618256
66.80000000000048 996.324795124892 6.551650529278531
66.90000000000047 996.3446907153209 6.516526156803575
67.00000000000047 996.3644704593005 6.481602608189513
67.10000000000046 996.3841351188225 6.446878602531768
67.20000000000046 996.4036854499245 6.4123528685021
67.30000000000045 996.4231222027466 6.378024144262268
67.40000000000045 996.4424461215877 6.343891177378634
67.50000000000044 996.4616579449606 6.309952724737683
67.60000000000043 996.4807584056465 6.276207552462452
67.70000000000043 996.4997482307494 6.242654435829855
67.80000000000042 996.5186281417497 6.209292159188894
67.90000000000042 996.5373988545563 6.176119515879745
68.00000000000041 996.5560610795596 6.14313530815371
68.1000000000004 996.574615521683 6.110338347094015
68.2000000000004 996.5930628804335 6.07772745253746
68.3000000000004 996.6114038499531 6.045301452996893
68.40000000000039 996.6296391190679 6.013059185584507
68.50000000000038 996.6477693713379 5.980999495935956
68.60000000000038 996.6657952851057 5.949121238135261
68.70000000000037 996.6837175335451 5.917423274640515
68.80000000000037 996.7015367847082 5.885904476210369
68.90000000000036 996.7192537015735 5.85456372183129
69.00000000000036 996.7368689420917 5.823399898645579
69.10000000000035 996.7543831592328 5.792411901880147
69.20000000000034 996.7717970010308 5.761598634776034
69.30000000000034 996.7891111106295 5.73095900851866
69.40000000000033 996.8063261263272 5.700491942168806
69.50000000000033 996.8234426816207 5.670196362594312
69.60000000000032 996.8404614052488 5.640071204402482
69.70000000000032 996.8573829212359 5.610115409873194
69.80000000000031 996.8742078489346 5.58032792889269
69.9000000000003 996.8909368030679 5.550707718888069
70.0000000000003 996.9075703937714 5.521253744762435
70.10000000000029 996.9241092266338 5.491964978830722
70.20000000000029 996.940553902739 5.46284040075618
70.30000000000028 996.9569050187057 5.43387899748751
70.40000000000028 996.9731631667277 5.405079763196636
70.50000000000027 996.9893289346135 5.376441699217123
70.60000000000026 997.0054029058256 5.347963813983215
70.70000000000026 997.0213856595193 5.3196451229695
70.80000000000025 997.0372777705809 5.291484648631182
70.90000000000025 997.0530798096655 5.2634814203449665
71.00000000000024 997.0687923432349 5.235634474350535
71.10000000000024 997.0844159335945 5.207942853692621
71.20000000000023 997.0999511389301 5.180405608163663
71.30000000000022 997.1153985133443 5.153021794247042
71.40000000000022 997.1307586068923 5.125790475060885
71.50000000000021 997.1460319656177 5.098710720302433
71.60000000000021 997.1612191315875 5.071781606192973
71.7000000000002 997.1763206429272 5.0450022154233105
71.8000000000002 997.191337033855 5.018371637099797
71.90000000000019 997.2062688347161 4.991888966690891
72.00000000000018 997.2211165720163 4.96555330597425
72.10000000000018 997.2358807684557 4.939363762984351
72.20000000000017 997.2505619429612 4.91331945196063
72.30000000000017 997.2651606107198 4.887419493296134
72.40000000000016 997.2796772832107 4.861663013486685
72.50000000000016 997.2941124682372 4.836049145080538
72.60000000000015 997.3084666699588 4.810577026628545
72.70000000000014 997.3227403889218 4.785245802634802
72.80000000000014 997.3369341220915 4.7600546235077825
72.90000000000013 997.3510483628819 4.735002645511953
73.00000000000013 997.3650836011865 4.7100890307198595
73.10000000000012 997.3790403234084 4.685312946964682
73.20000000000012 997.3929190124902 4.660673567793256
73.30000000000011 997.4067201479432 4.636170072419544
73.4000000000001 997.4204442058771 4.611801645678567
73.5000000000001 997.4340916590279 4.587567477980783
73.6000000000001 997.4476629767877 4.563466765266898
73.70000000000009 997.4611586252321 4.539498708963129
73.80000000000008 997.4745790671486 4.515662515936888
73.90000000000008 997.4879247620645 4.491957398452895
74.00000000000007 997.5011961662736 4.46838257412972
74.10000000000007 997.5143937328644 4.444937265896736
74.20000000000006 997.5275179117461 4.421620701951488
74.30000000000005 997.5405691496759 4.398432115717468
74.40000000000005 997.5535478902848 4.375370745802299
74.50000000000004 997.566454574104 4.352435835956314
74.60000000000004 997.5792896385909 4.329626635031528
74.70000000000003 997.5920535181543 4.306942396941009
74.80000000000003 997.60474664418 4.284382380618625
74.90000000000002 997.6173694450555 4.26194584997918
75.00000000000001 997.6299223461953 4.239632073878923
75.10000000000001 997.6424057700652 4.217440326076434
75.2 997.6548201362068 4.1953698851938785
75.3 997.6671658612613 4.173420034678624
75.39999999999999 997.6794433589937 4.15159006276522
75.49999999999999 997.6916530403159 4.12987926243774
75.59999999999998 997.7037953133108 4.108286931392465
75.69999999999997 997.715870583255 4.086812372000928
75.79999999999997 997.7278792526415 4.065454891273298
75.89999999999996 997.7398217212033 4.0442138008221065
75.99999999999996 997.7516983859347 4.023088416826314
76.09999999999995 997.7635096411144 4.002078059995709
76.19999999999995 997.7752558783275 3.9811820555356356
76.29999999999994 997.7869374864867 3.9603997331120544
76.39999999999993 997.7985548518549 3.939730426816921
76.49999999999993 997.8101083580656 3.9191734751338867
76.59999999999992 997.8215983861447 3.898728220904317
76.69999999999992 997.8330253145315 3.87839401129362
76.79999999999991 997.8443895190993 3.8581701977578877
76.8999999999999 997.855691373176 3.8380561360108425
76.9999999999999 997.8669312475646 3.8180511859910857
77.0999999999999 997.8781095105635 3.7981547118296484
77.19999999999989 997.8892265279861 3.7783660818178357
77.29999999999988 997.9002826631812 3.758684668375368
77.39999999999988 997.911278277052 3.739109848018809
77.49999999999987 997.9222137280763 3.7196410013302836
77.59999999999987 997.9330893723248 3.7002775129264784
77.69999999999986 997.9439055634812 3.681018771427924
77.79999999999986 997.9546626528602 3.6618641694285565
77.89999999999985 997.9653609894269 3.64281310346555
77.99999999999984 997.976000919815 3.6238649739894275
78.09999999999984 997.986582788345 3.6050191853344353
78.19999999999983 997.9971069370429 3.586275145689188
78.29999999999983 998.0075737056577 3.5676322670675757
78.39999999999982 998.0179834316797 3.5490899652799315
78.49999999999982 998.0283364503576 3.5306476599044583
78.59999999999981 998.0386330947169 3.51230477425891
78.6999999999998 998.0488736955764 3.4940607353725275
78.7999999999998 998.0590585815658 3.4759149739582207
78.89999999999979 998.0691880791425 3.4578669243850038
78.99999999999979 998.079262512609 3.4399160246506706
79.09999999999978 998.0892822041291 3.4220617163547145
79.19999999999978 998.0992474737444 3.4043034446714873
79.29999999999977 998.1091586393915 3.3866406583235977
79.39999999999976 998.119016016917 3.369072809555541
79.49999999999976 998.1288199200949 3.3515993541075635
79.59999999999975 998.1385706606416 3.3342197511897584
79.69999999999975 998.1482685482322 3.316933463456386
79.79999999999974 998.1579138905162 3.2997399569804204
79.89999999999974 998.1675069931326 3.282638701228322
79.99999999999973 998.1770481597259 3.265629169035026
80.09999999999972 998.1865376919608 3.2487108365791535
80.19999999999972 998.1959758895374 3.2318831833584354
80.29999999999971 998.2053630502066 3.215145692165354
80.39999999999971 998.2146994697846 3.1984978490629925
80.4999999999997 998.2239854421673 3.1819391433610975
80.5999999999997 998.2332212593454 3.1654690675923463
80.69999999999969 998.2424072114187 3.149087117488822
80.79999999999968 998.2515435866102 3.1327927919586895
80.89999999999968 998.2606306712804 3.116585593063075
80.99999999999967 998.2696687499415 3.100465025993143
81.09999999999967 998.278658105271 3.084430599047372
81.19999999999966 998.2875990181257 3.068481823609023
81.29999999999966 998.2964917675552 3.0526182141238047
81.39999999999965 998.3053366308159 3.0368392880777275
81.49999999999964 998.3141338833839 3.021144565975146
81.59999999999964 998.3228837989685 3.005533571316992
81.69999999999963 998.3315866495257 2.9900058305791917
81.79999999999963 998.3402427052706 2.9745608731912645
81.89999999999962 998.3488522346911 2.9591982315151077
81.99999999999962 998.3574155045602 2.9439174408239577
82.09999999999961 998.3659327799489 2.9287180392815313
82.1999999999996 998.3744043242391 2.9135995679213433
82.2999999999996 998.3828303991355 2.8985615706261982
82.3999999999996 998.3912112646786 2.883603594107856
82.49999999999959 998.3995471792567 2.8687251878868683
82.59999999999958 998.4078383996181 2.8539259042725833
82.69999999999958 998.4160851808831 2.839205298343322
82.79999999999957 998.4242877765563 2.824562927926716
82.89999999999957 998.432446438538 2.809998353580214
82.99999999999956 998.4405614171363 2.7955111385717495
83.09999999999955 998.4486329610787 2.781100848860568
83.19999999999955 998.4566613175235 2.766767053078219
83.29999999999954 998.4646467320714 2.7525093225097015
83.39999999999954 998.4725894487768 2.738327231074768
83.49999999999953 998.4804897101592 2.7242203553093853
83.59999999999953 998.488347757214 2.710188274347345
83.69999999999952 998.4961638294241 2.6962305699020304
83.79999999999951 998.5039381647703 2.6823468262483314
83.89999999999951 998.5116709997427 2.6685366302047093
83.9999999999995 998.5193625693512 2.6547995711154098
84.0999999999995 998.5270131071361 2.6411352408328224
84.19999999999949 998.534622845179 2.6275432336999835
84.29999999999949 998.542192014113 2.6140231465332247
84.39999999999948 998.5497208431333 2.600574578604962
84.49999999999947 998.5572095600075 2.5871971316266267
84.59999999999947 998.564658391086 2.5738904097317348
84.69999999999946 998.5720675613118 2.560654019459095
84.79999999999946 998.5794372942307 2.547487569736154
84.89999999999945 998.5867678120017 2.5343906718624756
84.99999999999945 998.594059335406 2.521362939493356
85.09999999999944 998.6013120838579 2.508403988623571
85.19999999999943 998.6085262754137 2.495513437571254
85.29999999999943 998.6157021267819 2.4826909069619068
85.39999999999942 998.6228398533323 2.4699360197125353
85.49999999999942 998.6299396691056 2.4572484010159186
85.59999999999941 998.6370017868234 2.4446276783250003
85.6999999999994 998.6440264178965 2.432073481337407
85.7999999999994 998.6510137724352 2.4195854419800917
85.8999999999994 998.6579640592578 2.4071631943940988
85.99999999999939 998.6648774858998 2.3948063749194524
86.09999999999938 998.6717542586231 2.3825146220801647
86.19999999999938 998.6785945824249 2.370287576569365
86.29999999999937 998.6853986610466 2.3581248812345454
86.39999999999937 998.6921666969826 2.346026181062926
86.49999999999936 998.6988988914886 2.333991123166936
86.59999999999935 998.7055954445913 2.3220193567698075
86.69999999999935 998.7122565550957 2.3101105331912892
86.79999999999934 998.7188824205945 2.298264305833466
86.89999999999934 998.7254732374764 2.286480330166698
86.99999999999933 998.7320292009343 2.274758263715663
87.09999999999933 998.7385505049737 2.2630977660455165
87.19999999999932 998.7450373424208 2.2514984987481546
87.29999999999932 998.751489904931 2.2399601254285892
87.39999999999931 998.7579083829966 2.2284823116914274
87.4999999999993 998.7642929659552 2.2170647251274573
87.5999999999993 998.7706438419974 2.2057070353003416
87.69999999999929 998.7769611981751 2.1944089137334104
87.79999999999929 998.7832452204086 2.1831700338965616
87.89999999999928 998.7894960934955 2.1719900711932607
87.99999999999928 998.7957140011172 2.160868702947644
88.09999999999927 998.8018991258474 2.1498056083917185
88.19999999999926 998.8080516491594 2.1388004686526663
88.29999999999926 998.8141717514338 2.127852966740243
88.39999999999925 998.8202596119658 2.1169627875342756
88.49999999999925 998.8263154089725 2.1061296177722575
88.59999999999924 998.8323393196006 2.0953531460370374
88.69999999999924 998.8383315199334 2.0846330627446057
88.79999999999923 998.8442921849983 2.0739690601319736
88.89999999999922 998.8502214887736 2.0633608322451447
88.99999999999922 998.8561196041962 2.05280807492718
89.09999999999921 998.8619867031681 2.042310485806356
89.1999999999992 998.8678229565636 2.031867764284409
89.2999999999992 998.8736285342363 2.021479611524875
89.3999999999992 998.8794036050263 2.011145730441513
89.49999999999919 998.8851483367663 2.000865825686822
89.59999999999918 998.8908628962891 1.9906396036406417
89.69999999999918 998.896547449434 1.9804667723988414
89.79999999999917 998.9022021610535 1.9703470417620947
89.89999999999917 998.9078271950201 1.9602801232247398
89.99999999999916 998.9134227142328 1.9502657299637234
90.09999999999916 998.9189888806233 1.9403035768276287
90.19999999999915 998.924525855163 1.930393380325787
90.29999999999914 998.9300337978691 1.9205348586174698
90.39999999999914 998.9355128678112 1.9107277315011648
90.49999999999913 998.9409632231175 1.9009717204039303
90.59999999999913 998.9463850209809 1.8912665483708309
90.69999999999912 998.9517784176654 1.8816119400544526
90.79999999999912 998.9571435685126 1.8720076217044963
90.89999999999911 998.9624806279472 1.8624533211574488
90.9999999999991 998.9677897494836 1.852948767826332
91.0999999999991 998.9730710857315 1.843493692690528
91.1999999999991 998.9783247884023 1.83408782828568
91.29999999999909 998.983551008315 1.8247309086936694
91.39999999999908 998.9887498954016 1.8154226695326658
91.49999999999908 998.9939215987137 1.8061628479472536
91.59999999999907 998.9990662664276 1.7969511825986288
91.69999999999906 999.0041840458507 1.787787413654871
91.79999999999906 999.0092750834268 1.778671282781286
91.89999999999905 999.0143395247419 1.76960253313082
91.99999999999905 999.0193775145298 1.7605809093345455
92.09999999999904 999.0243891966776 1.7516061574922162
92.19999999999904 999.0293747142317 1.742678025162892
92.29999999999903 999.0343342094027 1.733796261355633
92.39999999999903 999.0392678235711 1.7249606165202622
92.49999999999902 999.044175697293 1.7161708425381954
92.59999999999901 999.049057970305 1.7074266927133381
92.69999999999901 999.0539147815298 1.6987279217630504
92.799999999999 999.0587462690817 1.690074285809176
92.899999999999 999.0635525702712 1.6814655423691385
92.99999999999899 999.0683338216111 1.6729014503471016
93.09999999999899 999.073090158821 1.664381770025194
93.19999999999898 999.0778217168327 1.655906263054798
93.29999999999897 999.0825286297952 1.6474746924479016
93.39999999999897 999.0872110310801 1.6390868225685131
93.49999999999896 999.091869053286 1.6307424191241382
93.59999999999896 999.0965028282442 1.6224412491573186
93.69999999999895 999.1011124870231 1.6141830810372315
93.79999999999895 999.1056981599334 1.6059676844513509
93.89999999999894 999.1102599765327 1.5977948303971672
93.99999999999893 999.1147980656309 1.5896642911739685
94.09999999999893 999.1193125552944 1.581575840374679
94.19999999999892 999.1238035728512 1.5735292528777571
94.29999999999892 999.1282712448955 1.565524304839153
94.39999999999891 999.1327156972924 1.5575607736843204
94.4999999999989 999.1371370551828 1.5496384381002892
94.5999999999989 999.1415354429878 1.541757078027792
94.6999999999989 999.1459109844131 1.533916474653449
94.79999999999889 999.1502638024541 1.5261164104020069
94.89999999999888 999.1545940194 1.5183566689286339
94.99999999999888 999.1589017568383 1.5106370351112703
95.09999999999887 999.1631871356598 1.5029572950430319
95.19999999999887 999.1674502760621 1.495317236024668
95.29999999999886 999.1716912975551 1.4877166465570737
95.39999999999885 999.1759103189642 1.4801553163338532
95.49999999999885 999.1801074584356 1.4726330362339386
95.59999999999884 999.1842828334401 1.4651495983142577
95.69999999999884 999.1884365607774 1.4577047958024563
95.79999999999883 999.1925687565806 1.4502984230896696
95.89999999999883 999.1966795363202 1.4429302757233464
95.99999999999882 999.2007690148082 1.435600150400122
96.09999999999881 999.2048373062024 1.428307844958742
96.19999999999881 999.2088845240107 1.4210531583730368
96.2999999999988 999.2129107810947 1.4138358907449429
96.3999999999988 999.2169161896741 1.4066558432975749
96.49999999999879 999.2209008613306 1.3995128183683456
96.59999999999879 999.2248649070123 1.392406619402134
96.69999999999878 999.2288084370368 1.3853370509445004
96.79999999999878 999.2327315610962 1.37830391863495
96.89999999999877 999.2366343882601 1.3713070292002416
96.99999999999876 999.24051702698 1.3643461904477452
97.09999999999876 999.244379585093 1.3574212112588435
97.19999999999875 999.2482221698258 1.3505319015823802
97.29999999999875 999.2520448877982 1.3436780724281534
97.39999999999874 999.2558478450272 1.3368595358604543
97.49999999999874 999.2596311469305 1.3300761049916503
97.59999999999873 999.2633948983303 1.323327593975813
97.69999999999872 999.267139203457 1.3166138180023883
97.79999999999872 999.270864165953 1.309934593289913
97.89999999999871 999.2745698888762 1.3032897370797716
97.9999999999987 999.2782564747035 1.2966790676299986
98.0999999999987 999.2819240253349 1.2901024042091216
98.1999999999987 999.2855726420962 1.283559567090047
98.29999999999869 999.2892024257434 1.2770503775439883
98.39999999999868 999.2928134764658 1.2705746578344348
98.49999999999868 999.2964058938895 1.2641322312111627
98.59999999999867 999.2999797770811 1.2577229219042863
98.69999999999867 999.3035352245508 1.2513465551183494
98.79999999999866 999.3070723342561 1.2450029570264585
98.89999999999866 999.310591203605 1.2386919547644542
98.99999999999865 999.3140919294594 1.232413376425123
99.09999999999864 999.3175746081388 1.226167051052449
99.19999999999864 999.321039335423 1.2199528086359022
99.29999999999863 999.324486206556 1.213770480104769
99.39999999999863 999.3279153162489 1.2076198973225187
99.49999999999862 999.3313267586832 1.2015008930812079
99.59999999999862 999.3347206275142 1.195413301095924
99.69999999999861 999.3380970158743 1.1893569559992658
99.7999999999986 999.3414560163756 1.1833316933358604
99.8999999999986 999.3447977211137 1.1773373495569182
99.9999999999986 999.3481222216706 1.1713737620148232
