0 10.0 20.0
0.1 10.488 21.448
0.2 10.99902696096 22.997101532160002
0.30000000000000004 11.534076278411439 24.653820734797385
0.4 12.09417577984037 26.42501465929027
0.5 12.680385507413103 28.31788729242621
0.6 13.293797313486108 30.339993661630114
0.7 13.935534246391756 32.49924164113979
0.7999999999999999 14.606749702654211 34.80389103580804
0.8999999999999999 15.308626320566775 37.262549476868095
0.9999999999999999 16.042374589004723 39.884164621540016
1.0999999999999999 16.80923114451627 42.67801210685801
1.2 17.610456729198354 45.6536786689155
1.3 18.447333781702255 48.82103980352004
1.4000000000000001 19.321163634015807 52.19023131502483
1.5000000000000002 20.233263287531262 55.77161407922003
1.6000000000000003 21.184961743437455 59.57573133636326
1.7000000000000004 22.177595864783846 63.613257834812366
1.8000000000000005 23.21250575076936 67.89494016775329
1.9000000000000006 24.29102960802813 72.43152768895098
2.0000000000000004 25.414498109030987 77.23369346226795
2.1000000000000005 26.584228234300078 82.31194479796868
2.2000000000000006 27.801516603032272 87.67652306055885
2.3000000000000007 29.067632306007702 93.33729260180804
2.400000000000001 30.38380926535166 99.30361888181284
2.500000000000001 31.75123815780433 105.58423609271851
2.600000000000001 33.17105795156073 112.18710489499072
2.700000000000001 34.644347121331336 119.1192612141697
2.800000000000001 36.17211462182283 126.38665742395105
2.9000000000000012 37.75529071603797 133.99399765372698
3.0000000000000013 39.39471777124052 141.94456939689655
3.1000000000000014 41.09114115161948 150.2400740485037
3.2000000000000015 42.84520035201585 158.88045945177007
3.3000000000000016 44.65742053085332 167.86375796405838
3.4000000000000017 46.52820461187735 177.18593394170375
3.5000000000000018 48.45782613264346 186.84074486532498
3.600000000000002 50.446423022079344 196.81962055629074
3.700000000000002 52.49399248908021 207.11156504416266
3.800000000000002 54.600387198267995 217.70308560858084
3.900000000000002 56.76531289717434 228.57815331476553
4.000000000000002 58.98832764081437 239.71819897243185
4.100000000000001 61.26884273477627 251.1021478637585
4.200000000000001 63.60612548673813 262.7064958068913
4.300000000000001 65.9993038192567 274.5054281581861
4.4 68.44737275463154 286.4709822320363
4.5 70.94920273686479 298.573252367087
4.6 73.50354970776829 310.7806355388726
4.699999999999999 76.10906680593557 323.06011406814093
4.799999999999999 78.76431751059074 335.3775706648428
4.899999999999999 81.46779000931265 347.6981298464942
4.999999999999998 84.21791253131444 359.98651874136846
5.099999999999998 87.0130693581501 372.20743949054935
5.1999999999999975 89.85161720292092 384.3259449462488
5.299999999999997 92.73190163834181 396.3078091601471
5.399999999999997 95.65227325397166 408.1198842803738
5.4999999999999964 98.61110323353282 419.73043592540535
5.599999999999996 101.60679806400738 431.10944985475993
5.699999999999996 104.63781311804603 442.2289037695669
5.799999999999995 107.70266488866064 453.06299929607883
5.899999999999995 110.79994169835541 463.58835056697063
5.999999999999995 113.92831275173523 473.7841272484616
6.099999999999994 117.08653544909016 483.6321512952793
6.199999999999994 120.27346092642772 493.11694808415797
6.299999999999994 123.48803783302348 502.22575382243286
6.399999999999993 126.72931439917613 510.9484822055396
6.499999999999993 129.99643888321842 519.2776541735482
6.5999999999999925 133.28865851706666 527.2082952741144
6.699999999999992 136.60531709319056 534.7378055729199
6.799999999999992 139.94585135272334 541.8658072704744
6.8999999999999915 143.30978634470867 548.5939752038279
6.999999999999991 146.69672993065987 554.9258552585338
7.099999999999991 150.10636660736137 560.8666754202583
7.19999999999999 153.53845081497929 566.4231537891712
7.29999999999999 156.99279988794672 571.6033073962005
7.39999999999999 160.4692867936443 576.4162651290876
7.499999999999989 163.96783278947024 580.8720875255412
7.599999999999989 167.4884001132789 584.9815956441613
7.699999999999989 171.03098480606218 588.7562107002253
7.799999999999988 174.59560974974264 592.2078056673287
7.899999999999988 178.18231798751899 595.3485696073044
7.999999999999988 181.79116637971325 598.1908851059148
8.099999999999987 185.42221963477496 600.7472188632116
8.199999999999987 189.07554474316316 603.0300252151021
8.299999999999986 192.75120583133412 605.0516621443004
8.399999999999986 196.4492594440293 606.8243191706508
8.499999999999986 200.16975025544585 608.3599563879352
8.599999999999985 203.91270720360623 609.6702538312621
8.699999999999985 207.67814003722287 610.7665703103247
8.799999999999985 211.46603626045433 611.6599108235977
8.899999999999984 215.27635845804653 612.360901671617
8.999999999999984 219.10904198131269 612.8797724089435
9.099999999999984 222.9639929741012 613.2263438098755
9.199999999999983 226.84108671721194 613.4100210686079
9.299999999999983 230.74016626953517 613.4397915070687
9.399999999999983 234.66104138440315 613.3242261203538
9.499999999999982 238.60348768017369 613.0714843483062
9.599999999999982 242.56724604482838 612.6893215205596
9.699999999999982 246.5520222553001 612.1850984799302
9.799999999999981 250.55748679328866 611.5657929443495
9.89999999999998 254.5832748404338 610.8380122198778
9.99999999999998 258.628986436853 610.0080069262181
10.09999999999998 262.6941867881887 609.0816854412932
10.19999999999998 266.77840670742245 608.0646288127148
10.29999999999998 270.88114317878313 606.9621059213662
10.399999999999979 275.0018600320937 605.7790887159277
10.499999999999979 279.1399887168529 604.5202673671467
10.599999999999978 283.29492916623417 603.1900652171996
10.699999999999978 287.4660507419989 601.7926534228477
10.799999999999978 291.6526932520633 600.3319652114892
10.899999999999977 295.8541680331341 598.811709686928
10.999999999999977 300.06975909143455 597.2353851369539
11.099999999999977 304.2987242950843 595.6062918079214
11.199999999999976 308.54029661218306 593.9275441226406
11.299999999999976 312.7936853890744 592.2020823272989
11.399999999999975 317.0580776636458 590.432683560993
11.499999999999975 321.3326395088525 588.6219723479858
11.599999999999975 325.6165174019468 586.7724305181523
11.699999999999974 329.90883961514766 584.8864065654279
11.799999999999974 334.2087176237108 582.9661244575327
11.899999999999974 338.5152475275565 581.0136919129632
11.999999999999973 342.8275114827836 579.0311081633133
12.099999999999973 347.1445791395527 577.0202712205136
12.199999999999973 351.4655090829572 574.9829846696424
12.299999999999972 355.78935027362456 572.9209640086473
12.399999999999972 360.11514348490226 570.8358425566695
12.499999999999972 364.44192273358806 568.7291769527642
12.599999999999971 368.76871670126224 566.6024522666833
12.69999999999997 373.0945501433745 564.4570867430922
12.79999999999997 377.418445283331 562.294436200155
12.89999999999997 381.73942318891864 560.1157981028739
12.99999999999997 386.05650512849644 557.92241533094
13.09999999999997 390.3687139044769 555.7154796601587
13.199999999999969 394.6750751617179 553.4961349757739
13.299999999999969 398.9746186685435 551.2654802352479
13.399999999999968 403.26637956821554 549.0245721972723
13.499999999999968 407.54939959878413 546.7744279329889
13.599999999999968 411.8227282793548 544.5160271346149
13.699999999999967 416.08542406092556 542.2503142358798
13.799999999999967 420.3365554400636 539.9782003579194
13.899999999999967 424.57520203381483 537.7005650935153
13.999999999999966 428.8004556143632 535.4182581418438
14.099999999999966 433.0114211020856 533.1321008051892
14.199999999999966 437.20721751577963 530.8428873583953
14.299999999999965 441.3869788789739 528.5513863011747
14.399999999999965 445.54985508136525 526.2583415027673
14.499999999999964 449.6950126945651 523.9644732478355
14.599999999999964 453.8216357414711 521.6704791919138
14.699999999999964 457.9289264187195 519.3770352341805
14.799999999999963 462.01610577180907 517.0847963147999
14.899999999999963 466.0824143226211 514.7943971435876
14.999999999999963 470.12711264919653 512.5064528662872
15.099999999999962 474.14948191775903 510.2215596742938
15.199999999999962 478.1488243671037 507.9402953632487
15.299999999999962 482.12446374559516 505.6632198455249
15.399999999999961 486.07574570113974 503.3908756212512
15.499999999999961 490.00203812461456 501.1237882121671
15.59999999999996 493.9027314473473 498.86246656226695
15.69999999999996 497.7772388933489 496.6074034088782
15.79999999999996 501.6249966871017 494.35907562752124
15.89999999999996 505.44546421780376 492.11794455362195
15.99999999999996 509.2381241610578 489.88445628388644
16.09999999999996 513.0024825590788 487.659041959902
16.19999999999996 516.7380688605704 485.44211803630105
16.29999999999996 520.4444359214931 483.2340865356068
16.399999999999963 524.1211599680086 481.0353352916834
16.499999999999964 527.7678405229448 478.8462381835208
16.599999999999966 531.3841002971766 476.6671553609148
16.699999999999967 534.9695850473598 474.4984334634363
16.79999999999997 538.5239634014961 472.3404058339351
16.89999999999997 542.0469266538354 470.1933927276819
16.99999999999997 545.5381885306494 468.0577015181224
17.099999999999973 548.9974849284263 465.93362690009786
17.199999999999974 552.42457362605 463.8214510912732
17.299999999999976 555.8192339725364 461.7214440324145
17.399999999999977 559.1812665518947 459.63386358706043
17.49999999999998 562.5104928266841 457.5589557410479
17.59999999999998 565.8067547618217 455.4969548022731
17.69999999999998 569.0699144301877 453.4480836009952
17.799999999999983 572.2998536015508 451.41255369092727
17.899999999999984 575.4964733163179 449.3905655512972
17.999999999999986 578.6596934455839 447.3823087900092
18.099999999999987 581.7894522389271 445.3879623479877
18.19999999999999 584.8857058613612 443.40769470474265
18.29999999999999 587.9484279208211 441.4416640851564
18.39999999999999 590.9776089875173 439.4900186674588
18.499999999999993 593.973256106454 437.55289679232743
18.599999999999994 596.9353923043623 435.6304271730233
18.699999999999996 599.8640560922537 433.72272910645023
18.799999999999997 602.7593009647519 431.82991268500746
18.9 605.6211948973147 429.9520790090878
19.0 608.4498198424054 428.0893204000616
19.1 611.2452712256272 426.241720613575
19.200000000000003 614.0076574427798 424.4093550529837
19.300000000000004 616.7370993587493 422.5922909827355
19.400000000000006 619.4337298090925 420.7905877415133
19.500000000000007 622.097693105122 419.00429695494483
19.60000000000001 624.7291445432542 417.23346274768664
19.70000000000001 627.3282499193282 415.4781219546897
19.80000000000001 629.8951850485561 413.73830433145554
19.900000000000013 632.4301352917173 412.0140327630956
20.000000000000014 634.9332950881624 410.30532347200983
20.100000000000016 637.4048674961444 408.61218622400565
20.200000000000017 639.845063740953 406.9346245326846
20.30000000000002 642.2541027712793 405.27263586192925
20.40000000000002 644.6322108242024 403.6262118263311
20.50000000000002 646.9796209991404 401.99533838940613
20.600000000000023 649.2965728410768 400.3799960594543
20.700000000000024 651.5833119333288 398.78016008292485
20.800000000000026 653.8400895000902 397.1958006351598
20.900000000000027 656.0671620189481 395.62688300839505
21.00000000000003 658.2647908435355 394.07336779690763
21.10000000000003 660.4332418364537 392.5352110792057
21.20000000000003 662.5727850125661 391.01236459716665
21.300000000000033 664.6836941927368 389.5047759320378
21.400000000000034 666.7662466680607 388.01238867722066
21.500000000000036 668.8207228746074 386.5351426077708
21.600000000000037 670.8474060786743 385.0729738465505
21.70000000000004 672.8465820725252 383.62581502698157
21.80000000000004 674.8185388805682 382.1935954523521
21.90000000000004 676.7635664759081 380.77624125163885
22.000000000000043 678.6819565071877 379.3736755318141
22.100000000000044 680.5740020356219 377.98581852661306
22.200000000000045 682.439997282106 376.61258774174365
22.300000000000047 684.2802373842703 375.25389809652825
22.40000000000005 686.0950181633399 373.90966206197197
22.50000000000005 687.8846359006442 372.57978979525865
22.60000000000005 689.6493871236146 371.2641892706801
22.700000000000053 691.389568401095 369.9627664070114
22.800000000000054 693.1054761477855 368.67542519134724
22.900000000000055 694.7974064376291 367.40206779942207
23.000000000000057 696.4656548259476 366.142594712438
23.10000000000006 698.1105161801257 364.89690483043097
23.20000000000006 699.7322845186384 363.6648955822083
23.30000000000006 701.3312528582127 362.44646303189387
23.400000000000063 702.9077130689133 361.24150198212175
23.500000000000064 704.4619557369363 360.049906073921
23.600000000000065 705.9942700348969 358.8715678833371
23.700000000000067 707.5049435993938 357.7063790148384
23.800000000000068 708.9942624156331 356.55423019155836
23.90000000000007 710.462510708896 355.4150113424255
24.00000000000007 711.9099708426324 354.2886116862355
24.100000000000072 713.3369232229663 353.17491981272167
24.200000000000074 714.7436462093989 352.07382376068006
24.300000000000075 716.1304160314977 350.9852110932088
24.400000000000077 717.4975067113623 349.9089689701201
24.500000000000078 718.8451899916593 348.8449842175856
24.60000000000008 720.1737352690216 347.7931433950761
24.70000000000008 721.4834095326133 346.7533328596568
24.800000000000082 722.7744773076604 345.7254388277001
24.900000000000084 724.0472006037525 344.70934743407787
25.000000000000085 725.3018388677278 343.7049447888955
25.100000000000087 726.5386489409527 342.71211703182985
25.200000000000088 727.7578850208131 341.7307503841333
25.30000000000009 728.9597986262407 340.7607311983651
25.40000000000009 730.1446385670992 339.80194600591255
25.500000000000092 731.3126509172591 338.8542815623625
25.600000000000094 732.4640789911995 337.9176248907831
25.700000000000095 733.59916332397 336.99186332297774
25.800000000000097 734.7181416543617 336.07688453876847
25.900000000000098 735.821248911132 335.17257660336895
26.0000000000001 736.9087172021349 334.27882800290433
26.1000000000001 737.980775806216 333.3955276781354
26.200000000000102 739.0376511677314 332.52256505644334
26.300000000000104 740.0795668935567 331.65983008212993
26.400000000000105 741.1067437524557 330.8072132450885
26.500000000000107 742.1193996766839 329.9646056078985
26.600000000000108 743.1177497657039 329.13189883139603
26.70000000000011 744.1020062918974 328.3089851987727
26.80000000000011 745.0723787081587 327.49575763825203
26.900000000000112 746.0290736572622 326.69210974439386
27.000000000000114 746.9722949828986 325.8979357980743
27.100000000000115 747.9022437422778 325.1131307851887
27.200000000000117 748.8191182202039 324.33759041412395
27.300000000000118 749.7231139445249 323.57121113204505
27.40000000000012 750.6144237028723 322.8138901400395
27.50000000000012 751.4932375605999 322.065525407163
27.600000000000122 752.3597428798433 321.32601568342795
27.700000000000124 753.2141243396177 320.5952605117751
27.800000000000125 754.0565639568804 319.87316023906845
27.900000000000126 754.887241108485 319.1596160261517
28.000000000000128 755.7063325539574 318.45452985700354
28.10000000000013 756.5140124590275 317.75780454702846
28.20000000000013 757.3104524198545 317.0693437505182
28.300000000000132 758.095821487883 316.3890519673184
28.400000000000134 758.870286195275 315.71683454873323
28.500000000000135 759.6340105808606 315.0525977027012
28.600000000000136 760.3871562165567 314.3962484982725
28.700000000000138 761.129882234203 313.74769486941886
28.80000000000014 761.8623453527681 313.10684561820506
28.90000000000014 762.5846999058813 312.47361041735064
29.000000000000142 763.2970978696464 311.84789981220916
29.100000000000144 763.9996888906984 311.22962522219206
29.200000000000145 764.6926203144628 310.61869894166244
29.300000000000146 765.3760372135831 310.01503414032385
29.400000000000148 766.0500824164804 309.41854486312826
29.50000000000015 766.7148965360141 308.8291460297261
29.60000000000015 767.3706179982112 308.24675343348133
29.700000000000152 768.0173830710371 307.67128374007274
29.800000000000153 768.6553258931792 307.1026544857023
29.900000000000155 769.2845785028178 306.5407840749314
30.000000000000156 769.9052708663605 305.9855917781635
30.100000000000158 770.5175309071174 305.4369977287922
30.20000000000016 771.1214845338947 304.8949229200335
30.30000000000016 771.7172556694885 304.35928920145807
30.400000000000162 772.3049662790584 303.8300192752418
30.500000000000163 772.8847363983638 303.30703669214967
30.600000000000165 773.4566841618482 302.79026584726876
30.700000000000166 774.0209258305537 302.27963197550514
30.800000000000168 774.577575819853 301.7750611468594
30.90000000000017 775.1267467269869 301.2764802614935
31.00000000000017 775.6685493583924 300.78381704460315
31.100000000000172 776.203092756813 300.2970000411082
31.200000000000173 776.7304842281791 299.81595861017234
31.300000000000175 777.2508293682495 299.34062291956474
31.400000000000176 777.764232089006 298.8709239398744
31.500000000000178 778.2707946447922 298.40679343858784
31.60000000000018 778.7706176581901 297.94816397404065
31.70000000000018 779.2638001456271 297.4949688892523
31.800000000000182 779.7504395427087 297.04714230565384
31.900000000000183 780.230631729271 296.60461911671797
32.000000000000185 780.7044710541477 296.1673349814991
32.100000000000186 781.1720503596496 295.7352263180923
32.20000000000019 781.6334610057503 295.3082302970192
32.30000000000019 782.0887928939775 294.8862848345473
32.40000000000019 782.5381344910049 294.46932858595176
32.50000000000019 782.9815728519457 294.05730093872387
32.60000000000019 783.4191936433416 293.65014200573546
32.700000000000195 783.851081165851 293.2477926183636
32.800000000000196 784.2773183766308 292.85019431958233
32.9000000000002 784.6979869114141 292.45728935702704
33.0000000000002 785.1131671062825 292.0690206760364
33.1000000000002 785.522938019133 291.68533191267767
33.2000000000002 785.9273774508395 291.3061673867596
33.3000000000002 786.3265619661101 290.93147209483845
33.400000000000205 786.7205669140409 290.56119170321995
33.500000000000206 787.1094664483662 290.19527254096334
33.60000000000021 787.4933335474085 289.8336615928898
33.70000000000021 787.8722400337272 289.4763064926002
33.80000000000021 788.2462565934699 289.12315551550455
33.90000000000021 788.6154527954269 288.7741575718678
34.00000000000021 788.979897109791 288.4292621998743
34.100000000000215 789.3396569266248 288.0884195587139
34.200000000000216 789.6947985740386 287.7515804216932
34.30000000000022 790.0453873360796 287.41869616937373
34.40000000000022 790.391487470336 287.08971878274065
34.50000000000022 790.7331622252597 286.764600836403
34.60000000000022 791.0704738572075 286.4432954918291
34.70000000000022 791.4034836472066 286.12575649061785
34.800000000000225 791.7322519174448 285.8119381478093
34.900000000000226 792.0568380474907 285.50179534523505
35.00000000000023 792.3773004902448 285.19528352491074
35.10000000000023 792.693696787626 284.8923586824725
35.20000000000023 793.0060835859962 284.5929773606583
35.30000000000023 793.3145166513261 284.29709664283604
35.40000000000023 793.6190508841055 284.0046741465789
35.500000000000234 793.9197403340013 283.7156680172904
35.600000000000236 794.2166382142668 283.4300369218789
35.70000000000024 794.5097969159052 283.1477400424837
35.80000000000024 794.7992680215905 282.8687370702523
35.90000000000024 795.0851023193502 282.59298819917154
36.00000000000024 795.3673498160117 282.32045411995153
36.10000000000024 795.6460597504166 282.051096013964
36.200000000000244 795.9212806064064 281.7848755472357
36.300000000000246 796.1930601255821 281.52175486449687
36.40000000000025 796.4614453198421 281.26169658328627
36.50000000000025 796.7264824837014 281.00466378811177
36.60000000000025 796.9882172063942 280.75062002466814
36.70000000000025 797.2466943837659 280.4995292941117
36.80000000000025 797.5019582299544 280.2513560473923
36.900000000000254 797.7540522888677 280.00606517964275
37.000000000000256 798.0030194454573 279.76362202462605
37.10000000000026 798.2489019367941 279.52399234924025
37.20000000000026 798.491741362947 279.28714234808126
37.30000000000026 798.7315786976698 279.0530386380636
37.40000000000026 798.968454298898 278.82164825309894
37.50000000000026 799.2024079190596 278.5929386388329
37.600000000000264 799.4334787152023 278.3668776474392
37.700000000000266 799.6617052589406 278.1434335324718
37.80000000000027 799.8871255462254 277.92257494377475
37.90000000000027 800.1097770069402 277.70427092244915
38.00000000000027 800.3296965143252 277.4884908958778
38.10000000000027 800.5469203942338 277.2752046728065
38.20000000000027 800.7614844342236 277.0643824384826
38.300000000000274 800.9734238924846 276.8559947498496
38.400000000000276 801.1827735066082 276.6500125307986
38.50000000000028 801.3895675021994 276.4464070674756
38.60000000000028 801.5938396013343 276.24515000364414
38.70000000000028 801.7956230308671 276.0462133361038
38.80000000000028 801.994950530588 275.84956941016344
38.90000000000028 802.1918543612347 275.65519091516916
39.000000000000284 802.3863663123617 275.4630508800866
39.100000000000286 802.5785177100673 275.2731226691372
39.20000000000029 802.7683394245836 275.08537997748766
39.30000000000029 802.9558618777298 274.8997968269929
39.40000000000029 803.1411150502329 274.7163475619913
39.50000000000029 803.3241284889167 274.5350068451527
39.60000000000029 803.5049313137633 274.3557496533775
39.700000000000294 803.6835522248476 274.1785512737477
39.800000000000296 803.8600195091484 274.0033872995288
39.9000000000003 804.0343610472373 273.83023362622157
40.0000000000003 804.2066043198496 273.6590664476646
40.1000000000003 804.3767764143363 273.48986225218573
40.2000000000003 804.5449040310026 273.3225978188029
40.3000000000003 804.7110134893328 273.1572502134732
40.400000000000304 804.8751307341045 272.9937967853905
40.500000000000306 805.0372813413942 272.83221516333003
40.60000000000031 805.1974905244764 272.6724832520406
40.70000000000031 805.3557831396178 272.514579228683
40.80000000000031 805.5121836917685 272.3584815393148
40.90000000000031 805.6667163401531 272.2041688954208
41.00000000000031 805.819404903762 272.05162027048823
41.100000000000314 805.9702728667461 271.9008148966269
41.200000000000315 806.1193433837161 271.7517322612334
41.30000000000032 806.2666392849488 271.60435210369906
41.40000000000032 806.4121830815004 271.45865441216057
41.50000000000032 806.5559969702311 271.3146194202939
41.60000000000032 806.6981028387409 271.17222760415
41.70000000000032 806.8385222702179 271.0314596790322
41.800000000000324 806.9772765482035 270.8922965964147
41.900000000000325 807.1143866612716 270.75471954090204
42.00000000000033 807.2498733076287 270.61870992722845
42.10000000000033 807.383756899631 270.4842493972971
42.20000000000033 807.5160575682246 270.35131981725846
42.30000000000033 807.6467951673075 270.21990327462754
42.40000000000033 807.7759892780157 270.0899820754393
42.500000000000334 807.9036592129352 269.961538741442
42.600000000000335 808.0298240202407 269.8345560073275
42.70000000000034 808.1545024877623 269.70901681799904
42.80000000000034 808.2777131469828 269.584904325875
42.90000000000034 808.3994742769648 269.46220188822855
43.00000000000034 808.519803908211 269.34089306456303
43.10000000000034 808.6387198264571 269.22096161402226
43.200000000000344 808.756239576401 269.1023914928354
43.300000000000345 808.8723804653663 268.985166851796
43.40000000000035 808.9871595669042 268.8692720337747
43.50000000000035 809.1005937243332 268.7546915712651
43.60000000000035 809.2126995542185 268.64141018396276
43.70000000000035 809.3234934497925 268.52941277637615
43.80000000000035 809.4329915843164 268.4186844354699
43.900000000000354 809.5412099143849 268.30921042833955
44.000000000000355 809.6481641831753 268.20097619991725
44.10000000000036 809.7538699236408 268.0939673707083
44.20000000000036 809.8583424616508 267.98816973455797
44.30000000000036 809.961596919077 267.88356925644837
44.40000000000036 810.063648216829 267.78015207032445
44.50000000000036 810.1645110778376 267.6779044769495
44.600000000000364 810.264200029988 267.5768129417891
44.700000000000365 810.3627294090057 267.4768640929236
44.80000000000037 810.4601133612917 267.37804471898824
44.90000000000037 810.556365846712 267.2803417671411
45.00000000000037 810.6515006413397 267.1837423410583
45.10000000000037 810.7455313401526 267.0882336989555
45.20000000000037 810.8384713596853 266.9938032516366
45.300000000000374 810.9303339406367 266.9004385605681
45.400000000000375 811.0211321504361 266.8081273359789
45.50000000000038 811.1108788857654 266.7168574349863
45.60000000000038 811.1995868750407 266.6266168597463
45.70000000000038 811.2872686808529 266.53739375562895
45.80000000000038 811.3739367023675 266.44917640941776
45.90000000000038 811.4596031776865 266.3619532475336
46.000000000000384 811.5442801861707 266.2757128342819
46.100000000000385 811.6279796507242 266.1904438701231
46.20000000000039 811.7107133400423 266.1061351899668
46.30000000000039 811.792492870822 266.0227757614876
46.40000000000039 811.8733297099377 265.9403546834645
46.50000000000039 811.9532351765808 265.85886118414123
46.60000000000039 812.0322204443652 265.7782846196095
46.700000000000394 812.1102965433987 265.6986144722126
46.800000000000395 812.1874743623214 265.6198403489713
46.9000000000004 812.2637646503107 265.54195198002964
47.0000000000004 812.3391780190552 265.464939217122
47.1000000000004 812.4137249446962 265.38879203206017
47.2000000000004 812.4874157697384 265.3135005152407
47.3000000000004 812.5602607049301 265.23905487417164
47.400000000000404 812.6322698311144 265.16544543201894
47.500000000000405 812.7034531010497 265.0926626261723
47.600000000000406 812.7738203412023 265.0206970068293
47.70000000000041 812.8433812535102 264.9495392355992
47.80000000000041 812.9121454171199 264.8791800841241
47.90000000000041 812.9801222900946 264.80961043271884
48.00000000000041 813.047321211097 264.74082126902886
48.10000000000041 813.1137514010445 264.67280368670544
48.200000000000415 813.1794219647393 264.6055488840985
48.300000000000416 813.2443418924727 264.53904816296637
48.40000000000042 813.3085200616049 264.47329292720286
48.50000000000042 813.3719652381197 264.40827468158074
48.60000000000042 813.4346860781554 264.3439850305116
48.70000000000042 813.4966911295119 264.28041567682226
48.80000000000042 813.5579888331343 264.21755842054694
48.900000000000425 813.6185875245747 264.1554051577352
49.000000000000426 813.6784954354296 264.0939478792755
49.10000000000043 813.7377206947574 264.0331786697343
49.20000000000043 813.7962713304728 263.9730897062099
49.30000000000043 813.85415527072 263.9136732572015
49.40000000000043 813.9113803452254 263.8549216814927
49.50000000000043 813.96795428663 263.7968274270501
49.600000000000435 814.0238847318 263.73938302993525
49.700000000000436 814.0791792231196 263.68258111323155
49.80000000000044 814.1338452097629 263.62641438598473
49.90000000000044 814.187890048947 263.57087564215703
50.00000000000044 814.2413210071661 263.515957759595
50.10000000000044 814.2941452614073 263.46165369901047
50.20000000000044 814.3463699003476 263.40795650297497
50.300000000000445 814.3980019255339 263.3548592949268
50.400000000000446 814.4490482525446 263.30235527819116
50.50000000000045 814.4995157121339 263.25043773501267
50.60000000000045 814.5494110513594 263.19910002560056
50.70000000000045 814.598740934693 263.14833558718595
50.80000000000045 814.6475119451148 263.0981379330914
50.90000000000045 814.6957305851918 263.0485006518121
51.000000000000455 814.743403278139 262.99941740610933
51.100000000000456 814.790536368867 262.95088193211495
51.20000000000046 814.8371361250124 262.90288803844777
51.30000000000046 814.883208737954 262.8554296053411
51.40000000000046 814.9287603238137 262.8085005837812
51.50000000000046 814.9737969244434 262.7620949946572
51.60000000000046 815.0183245083967 262.71620692792135
51.700000000000465 815.062348971887 262.67083054176027
51.800000000000466 815.1058761397311 262.62596006177665
51.90000000000047 815.14891176628 262.5815897801814
52.00000000000047 815.1914615363354 262.5377140549958
52.10000000000047 815.2335310660533 262.4943273092642
52.20000000000047 815.2751259038348 262.4514240302763
52.30000000000047 815.3162515312035 262.4089987687996
52.400000000000475 815.3569133636709 262.36704613832114
52.500000000000476 815.3971167515888 262.3255608142993
52.60000000000048 815.4368669809902 262.2845375334247
52.70000000000048 815.4761692744175 262.2439710928905
52.80000000000048 815.5150287917395 262.2038563496719
52.90000000000048 815.5534506309561 262.1641882198149
53.00000000000048 815.5914398289923 262.12496167773355
53.100000000000485 815.6290013624803 262.0861717555165
53.200000000000486 815.6661401485311 262.04781354224195
53.30000000000049 815.7028610454948 262.0098821833014
53.40000000000049 815.7391688537103 261.97237287973155
53.50000000000049 815.7750683162446 261.93528088755494
53.60000000000049 815.8105641196214 261.89860151712855
53.70000000000049 815.8456608945397 261.8623301325007
53.800000000000495 815.8803632165826 261.8264621507759
53.900000000000496 815.9146756069156 261.79099304148764
54.0000000000005 815.9486025329754 261.75591832597894
54.1000000000005 815.9821484091498 261.7212335767906
54.2000000000005 816.0153175974468 261.6869344170573
54.3000000000005 816.0481144081558 261.65301651991064
54.4000000000005 816.0805431004985 261.6194756078903
54.500000000000504 816.1126078832718 261.58630745236206
54.600000000000506 816.1443129154811 261.5535078729429
54.70000000000051 816.1756623069651 261.5210727369336
54.80000000000051 816.2066601190124 261.48899795875826
54.90000000000051 816.237310364969 261.45727949941045
55.00000000000051 816.2676170108375 261.4259133659065
55.10000000000051 816.2975839758693 261.39489561074544
55.200000000000514 816.3272151331471 261.3642223313755
55.300000000000516 816.35651431016 261.3338896696675
55.40000000000052 816.3854852893717 261.303893811394
55.50000000000052 816.4141318087795 261.2742309857159
55.60000000000052 816.442457562467 261.2448974646743
55.70000000000052 816.4704662011484 261.21588956268926
55.80000000000052 816.4981613327059 261.18720363606445
55.900000000000524 816.52554652272 261.15883608249794
56.000000000000526 816.5526252949921 261.13078334059884
56.10000000000053 816.579401132061 261.10304188941006
56.20000000000053 816.6058774757108 261.07560824793666
56.30000000000053 816.6320577274741 261.0484789746802
56.40000000000053 816.6579452491272 261.0216506671786
56.50000000000053 816.6835433631785 260.99511996155155
56.600000000000534 816.7088553533512 260.96888353205156
56.700000000000536 816.7338844650591 260.94293809062066
56.80000000000054 816.7586339058761 260.917280386452
56.90000000000054 816.7831068459997 260.8919072055571
57.00000000000054 816.8073064187078 260.8668153703386
57.10000000000054 816.8312357208104 260.8420017391674
57.20000000000054 816.8548978130943 260.81746320596574
57.300000000000544 816.8782957207627 260.79319669979486
57.400000000000546 816.9014324338685 260.7691991844478
57.50000000000055 816.9243109077423 260.74546765804706
57.60000000000055 816.9469340634146 260.7219991526472
57.70000000000055 816.9693047880323 260.6987907338421
57.80000000000055 816.9914259352702 260.67583950037704
57.90000000000055 817.0133003257364 260.6531425837655
58.000000000000554 817.0349307473733 260.6306971479104
58.100000000000556 817.0563199558528 260.60850038873014
58.20000000000056 817.0774706749664 260.58654953378885
58.30000000000056 817.0983855970103 260.56484184193135
58.40000000000056 817.1190673831654 260.5433746029222
58.50000000000056 817.1395186638729 260.52214513708935
58.60000000000056 817.1597420392042 260.5011507949719
58.700000000000564 817.1797400792267 260.48038895697226
58.800000000000566 817.1995153243646 260.459857033012
58.90000000000057 817.2190702857549 260.43955246219235
59.00000000000057 817.2384074455993 260.4194727124586
59.10000000000057 817.2575292575109 260.3996152802684
59.20000000000057 817.2764381468573 260.37997769026384
59.30000000000057 817.2951365110986 260.36055749494795
59.400000000000574 817.3136267201209 260.3413522743647
59.500000000000576 817.3319111165666 260.3223596357827
59.60000000000058 817.34999201616 260.3035772133829
59.70000000000058 817.3678717080273 260.28500266795004
59.80000000000058 817.3855524550155 260.26663368656756
59.90000000000058 817.4030364940041 260.2484679823162
60.00000000000058 817.4203260362154 260.23050329397614
60.100000000000584 817.437423267519 260.2127373857329
60.200000000000585 817.4543303487335 260.19516804688635
60.30000000000059 817.4710494159243 260.17779309156344
60.40000000000059 817.4875825806971 260.16061035843427
60.50000000000059 817.5039319304881 260.14361771043144
60.60000000000059 817.5200995288506 260.1268130344727
60.70000000000059 817.5360874157377 260.1101942411871
60.800000000000594 817.5518976077819 260.09375926464406
60.900000000000595 817.5675320985705 260.07750606208583
61.0000000000006 817.5829928589181 260.061432613663
61.1000000000006 817.5982818371358 260.04553692217326
61.2000000000006 817.6134009592963 260.02981701280305
61.3000000000006 817.6283521294966 260.0142709328724
61.4000000000006 817.6431372301167 259.9988967515827
61.500000000000604 817.6577581220755 259.9836925597674
61.600000000000605 817.6722166450833 259.9686564696457
61.70000000000061 817.6865146178909 259.9537866145791
61.80000000000061 817.7006538385368 259.93908114883084
61.90000000000061 817.7146360845895 259.92453824732803
62.00000000000061 817.7284631133884 259.91015610542684
62.10000000000061 817.7421366622808 259.89593293868
62.200000000000614 817.7556584488563 259.88186698260756
62.300000000000615 817.7690301711781 259.8679564924697
62.40000000000062 817.7822535080121 259.85419974304295
62.50000000000062 817.7953301190521 259.84059502839824
62.60000000000062 817.8082616451429 259.8271406616821
62.70000000000062 817.821049708501 259.8138349749002
62.80000000000062 817.8336959129316 259.8006763187034
62.900000000000624 817.8462018440438 259.7876630621763
63.000000000000625 817.8585690694626 259.7747935926284
63.10000000000063 817.8707991390389 259.7620663153873
63.20000000000063 817.8828935850563 259.74947965359496
63.30000000000063 817.8948539224356 259.7370320480056
63.40000000000063 817.906681648937 259.7247219567863
63.50000000000063 817.9183782453597 259.7125478553202
63.600000000000634 817.9299451757389 259.7005082360114
63.700000000000635 817.9413838875407 259.6886016080924
63.80000000000064 817.9526958118545 259.6768264974341
63.90000000000064 817.9638823635827 259.6651814463572
64.00000000000064 817.9749449416288 259.65366501344664
64.10000000000063 817.9858849290829 259.64227577336766
64.20000000000063 817.9967036934045 259.6310123166841
64.30000000000062 818.0074025866039 259.6198732496791
64.40000000000062 818.0179829454208 259.60885719417706
64.50000000000061 818.028446091501 259.5979627873689
64.6000000000006 818.0387933315708 259.5871886816381
64.7000000000006 818.0490259576095 259.57653354438963
64.8000000000006 818.0591452470198 259.5659960578802
64.90000000000059 818.0691524627961 259.55557491905125
65.00000000000058 818.0790488536902 259.54526883936285
65.10000000000058 818.0888356543765 259.5350765446305
65.20000000000057 818.0985140856133 259.5249967748631
65.30000000000057 818.1080853544039 259.5150282841032
65.40000000000056 818.1175506541546 259.505169840269
65.50000000000055 818.1269111648312 259.4954202249978
65.60000000000055 818.1361680531139 259.485778233492
65.70000000000054 818.14532247255 259.47624267436606
65.80000000000054 818.1543755637044 259.46681236949576
65.90000000000053 818.1633284543094 259.45748615386907
66.00000000000053 818.1721822594119 259.4482628754385
66.10000000000052 818.1809380815187 259.4391413949755
66.20000000000051 818.1895970107407 259.43012058592615
66.30000000000051 818.1981601249352 259.421199334269
66.4000000000005 818.2066284898459 259.4123765383739
66.5000000000005 818.2150031592421 259.4036511088632
66.60000000000049 818.2232851750557 259.3950219684736
66.70000000000049 818.231475567517 259.3864880519206
66.80000000000048 818.239575355288 259.3780483057638
66.90000000000047 818.2475855455956 259.3697016882739
67.00000000000047 818.2555071343617 259.3614471693013
67.10000000000046 818.2633411063325 259.35328373014636
67.20000000000046 818.2710884352067 259.3452103634307
67.30000000000045 818.2787500837612 259.3372260729702
67.40000000000045 818.2863270039759 259.3293298736499
67.50000000000044 818.2938201371569 259.32152079129935
67.60000000000043 818.3012304140585 259.3137978625702
67.70000000000043 818.3085587550034 259.30616013481495
67.80000000000042 818.3158060700016 259.298606665967
67.90000000000042 818.3229732588677 259.291136524422
68.00000000000041 818.3300612113377 259.28374878892083
68.1000000000004 818.337070807183 259.2764425484337
68.2000000000004 818.3440029163244 259.26921690204557
68.3000000000004 818.350858398944 259.26207095884297
68.40000000000039 818.3576381055957 259.25500383780195
68.50000000000038 818.3643428773154 259.2480146676776
68.60000000000038 818.3709735457285 259.2411025868944
68.70000000000037 818.377530933157 259.2342667434383
68.80000000000037 818.3840158527256 259.2275062947496
68.90000000000036 818.3904291084657 259.2208204076173
69.00000000000036 818.3967714954188 259.21420825807445
69.10000000000035 818.4030437997383 259.20766903129504
69.20000000000034 818.4092467987907 259.2012019214916
69.30000000000034 818.4153812612552 259.19480613181435
69.40000000000033 818.421447947222 259.1884808742512
69.50000000000033 818.4274476082896 259.1822253695291
69.60000000000032 818.4333809876614 259.1760388470164
69.70000000000032 818.4392488202404 259.16992054462645
69.80000000000031 818.4450518327234 259.1638697087219
69.9000000000003 818.4507907436937 259.1578855940207
70.0000000000003 818.4564662637133 259.1519674635025
70.10000000000029 818.4620790954134 259.1461145883167
70.20000000000029 818.4676299335839 259.14032624769123
70.30000000000028 818.4731194652625 259.13460172884226
70.40000000000028 818.478548369822 259.12894032688524
70.50000000000027 818.4839173190569 259.1233413447466
70.60000000000026 818.4892269772695 259.1178040930769
70.70000000000026 818.4944780013539 259.11232789016447
70.80000000000025 818.49967104088 259.10691206185027
70.90000000000025 818.5048067381761 259.10155594144373
71.00000000000024 818.5098857284105 259.0962588696396
71.10000000000024 818.5149086396726 259.0910201944354
71.20000000000023 818.5198760930524 259.08583927105025
71.30000000000022 818.5247887027195 259.0807154618443
71.40000000000022 818.5296470760015 259.0756481362392
71.50000000000021 818.5344518134605 259.0706366706394
71.60000000000021 818.5392035089695 259.0656804483543
71.7000000000002 818.5439027497885 259.0607788595217
71.8000000000002 818.5485501166376 259.05593130103125
71.90000000000019 818.5531461837719 259.0511371764497
72.00000000000018 818.5576915190536 259.0463958959462
72.10000000000018 818.5621866840241 259.0417068762192
72.20000000000017 818.5666322339752 259.03706954042354
72.30000000000017 818.5710287180191 259.0324833180985
72.40000000000016 818.5753766791585 259.0279476450971
72.50000000000016 818.5796766543546 259.02346196351533
72.60000000000015 818.5839291745954 259.01902572162334
72.70000000000014 818.5881347649628 259.0146383737963
72.80000000000014 818.5922939446989 259.01029938044655
72.90000000000013 818.5964072272716 259.0060082079566
73.00000000000013 818.6004751204395 259.0017643286127
73.10000000000012 818.6044981263158 258.99756722053917
73.20000000000012 818.608476741432 258.9934163676335
73.30000000000011 818.6124114568004 258.9893112595021
73.4000000000001 818.6163027579759 258.985251391397
73.5000000000001 818.6201511251173 258.98123626415304
73.6000000000001 818.6239570330481 258.97726538412576
73.70000000000009 818.627720951316 258.97333826313013
73.80000000000008 818.6314433442519 258.9694544183799
73.90000000000008 818.6351246710292 258.9656133724275
74.00000000000007 818.6387653857205 258.961814653105
74.10000000000007 818.6423659373554 258.9580577934652
74.20000000000006 818.6459267699771 258.95434233172364
74.30000000000005 818.649448322698 258.9506678112015
74.40000000000005 818.6529310297549 258.94703378026884
74.50000000000004 818.6563753205635 258.94343979228836
74.60000000000004 818.6597816197727 258.9398854055601
74.70000000000003 818.6631503473179 258.9363701832668
74.80000000000003 818.6664819184734 258.93289369341926
74.90000000000002 818.6697767439049 258.92945550880324
75.00000000000001 818.6730352297209 258.9260552069262
75.10000000000001 818.6762577775238 258.9226923699649
75.2 818.6794447844601 258.9193665847137
75.3 818.6825966432704 258.91607744253326
75.39999999999999 818.6857137423385 258.9128245392999
75.49999999999999 818.6887964657403 258.9096074753555
75.59999999999998 818.6918451932917 258.9064258554579
75.69999999999997 818.6948603005962 258.90327928873216
75.79999999999997 818.6978421590925 258.90016738862187
75.89999999999996 818.7007911361002 258.8970897728413
75.99999999999996 818.7037075948663 258.8940460633282
76.09999999999995 818.7065918946107 258.89103588619673
76.19999999999995 818.709444390571 258.8880588716915
76.29999999999994 818.7122654340468 258.8851146541414
76.39999999999993 818.7150553724441 258.8822028719145
76.49999999999993 818.7178145493184 258.8793231673734
76.59999999999992 818.7205433044178 258.87647518683076
76.69999999999992 818.7232419737253 258.8736585805056
76.79999999999991 818.7259108895012 258.87087300248004
76.8999999999999 818.728550380324 258.8681181106565
76.9999999999999 818.7311607711322 258.8653935667152
77.0999999999999 818.7337423832641 258.8626990360727
77.19999999999989 818.7362955344988 258.8600341878399
77.29999999999988 818.7388205390951 258.8573986947818
77.39999999999988 818.741317707831 258.8547922332765
77.49999999999987 818.7437873480426 258.85221448327536
77.59999999999987 818.7462297636627 258.84966512826355
77.69999999999986 818.7486452552579 258.84714385522074
77.79999999999986 818.7510341200668 258.8446503545825
77.89999999999985 818.753396652037 258.84218432020185
77.99999999999984 818.7557331418616 258.8397454493118
78.09999999999984 818.7580438770152 258.8373334424875
78.19999999999983 818.7603291417902 258.83494800360944
78.29999999999983 818.7625892173319 258.832588839827
78.39999999999982 818.7648243816737 258.830255661522
78.49999999999982 818.7670349097718 258.8279481822731
78.59999999999981 818.7692210735391 258.8256661188202
78.6999999999998 818.7713831418795 258.82340919102984
78.7999999999998 818.7735213807209 258.82117712186016
78.89999999999979 818.7756360530487 258.81896963732703
78.99999999999979 818.7777274189385 258.81678646647
79.09999999999978 818.7797957355882 258.81462734131884
79.19999999999978 818.7818412573503 258.81249199686073
79.29999999999977 818.7838642357632 258.8103801710072
79.39999999999976 818.7858649195829 258.80829160456193
79.49999999999976 818.7878435548135 258.80622604118884
79.59999999999975 818.7898003847383 258.80418322738024
79.69999999999975 818.7917356499494 258.8021629124257
79.79999999999974 818.7936495883781 258.8001648483811
79.89999999999974 818.7955424353245 258.79818879003795
79.99999999999973 818.7974144234862 258.79623449489327
80.09999999999972 818.7992657829878 258.79430172311953
80.19999999999972 818.8010967414093 258.79239023753513
80.29999999999971 818.8029075238142 258.79049980357513
80.39999999999971 818.8046983527775 258.78863018926234
80.4999999999997 818.8064694484135 258.7867811651787
80.5999999999997 818.8082210284032 258.78495250443694
80.69999999999969 818.8099533080207 258.7831439826527
80.79999999999968 818.8116665001608 258.78135537791667
80.89999999999968 818.8133608153646 258.7795864707675
80.99999999999967 818.8150364618464 258.7778370441646
81.09999999999967 818.8166936455187 258.7761068834612
81.19999999999966 818.8183325700186 258.77439577637824
81.29999999999966 818.8199534367322 258.77270351297796
81.39999999999965 818.8215564448204 258.7710298856381
81.49999999999964 818.823141791243 258.76937468902634
81.59999999999964 818.8247096707831 258.76773772007493
81.69999999999963 818.8262602760719 258.7661187779557
81.79999999999963 818.8277937976119 258.76451766405523
81.89999999999962 818.8293104238006 258.7629341819506
81.99999999999962 818.8308103409543 258.76136813738486
82.09999999999961 818.8322937333304 258.75981933824346
82.1999999999996 818.8337607831511 258.7582875945303
82.2999999999996 818.8352116706254 258.75677271834445
82.3999999999996 818.8366465739716 258.755274523857
82.49999999999959 818.8380656694394 258.75379282728807
82.59999999999958 818.8394691313315 258.7523274468843
82.69999999999958 818.8408571320255 258.75087820289644
82.79999999999957 818.8422298419949 258.74944491755724
82.89999999999957 818.8435874298307 258.74802741505937
82.99999999999956 818.8449300622616 258.74662552153404
83.09999999999955 818.8462579041752 258.7452390650294
83.19999999999955 818.8475711186383 258.74386787548946
83.29999999999954 818.8488698669165 258.7425117847331
83.39999999999954 818.850154308495 258.7411706264334
83.49999999999953 818.851424601098 258.73984423609727
83.59999999999953 818.8526809007077 258.73853245104493
83.69999999999952 818.8539233615844 258.7372351103901
83.79999999999951 818.8551521362851 258.7359520550201
83.89999999999951 818.8563673756826 258.73468312757643
83.9999999999995 818.8575692289836 258.7334281724352
84.0999999999995 818.8587578437481 258.732187035688
84.19999999999949 818.8599333659068 258.7309595651232
84.29999999999949 818.8610959397795 258.72974561020686
84.39999999999948 818.8622457080928 258.7285450220645
84.49999999999947 818.863382811998 258.7273576534626
84.59999999999947 818.8645073910882 258.7261833587906
84.69999999999946 818.8656195834155 258.7250219940429
84.79999999999946 818.8667195255088 258.7238734168012
84.89999999999945 818.8678073523896 258.72273748621706
84.99999999999945 818.8688831975894 258.7216140629944
85.09999999999944 818.869947193166 258.72050300937235
85.19999999999943 818.8709994697198 258.71940418910856
85.29999999999943 818.8720401564098 258.7183174674622
85.39999999999942 818.8730693809697 258.71724271117756
85.49999999999942 818.8740872697238 258.71617978846746
85.59999999999941 818.8750939476021 258.7151285689972
85.6999999999994 818.8760895381563 258.71408892386853
85.7999999999994 818.8770741635748 258.71306072560367
85.8999999999994 818.8780479446976 258.71204384812984
85.99999999999939 818.8790110010317 258.71103816676356
86.09999999999938 818.8799634507652 258.7100435581954
86.19999999999938 818.8809054107824 258.70905990047487
86.29999999999937 818.8818369966777 258.70808707299534
86.39999999999937 818.8827583227709 258.7071249564793
86.49999999999936 818.8836695021199 258.70617343296357
86.59999999999935 818.8845706465357 258.70523238578494
86.69999999999935 818.8854618665958 258.70430169956575
86.79999999999934 818.8863432716579 258.70338126019976
86.89999999999934 818.8872149698732 258.702470954838
86.99999999999933 818.8880770682 258.70157067187506
87.09999999999933 818.8889296724168 258.7006803009353
87.19999999999932 818.8897728871352 258.6997997328592
87.29999999999932 818.8906068158132 258.6989288596902
87.39999999999931 818.8914315607674 258.69806757466114
87.4999999999993 818.892247223186 258.6972157721812
87.5999999999993 818.8930539031411 258.69637334782317
87.69999999999929 818.8938516996012 258.6955401983103
87.79999999999929 818.8946407104432 258.6947162215038
87.89999999999928 818.8954210324647 258.6939013163903
87.99999999999928 818.8961927613955 258.69309538306914
88.09999999999927 818.8969559919099 258.6922983227406
88.19999999999926 818.8977108176381 258.6915100376934
88.29999999999926 818.8984573311777 258.69073043129265
88.39999999999925 818.8991956241053 258.6899594079684
88.49999999999925 818.8999257869876 258.68919687320334
88.59999999999924 818.9006479093927 258.6884427335216
88.69999999999924 818.9013620799008 258.6876968964771
88.79999999999923 818.9020683861156 258.68695927064226
88.89999999999922 818.902766914675 258.6862297655967
88.99999999999922 818.9034577512612 258.68550829191616
89.09999999999921 818.9041409806119 258.68479476116164
89.1999999999992 818.9048166865306 258.6840890858682
89.2999999999992 818.9054849518966 258.6833911795347
89.3999999999992 818.9061458586757 258.6827009566127
89.49999999999919 818.9067994879298 258.6820183324963
89.59999999999918 818.9074459198271 258.68134322351153
89.69999999999918 818.9080852336521 258.68067554690634
89.79999999999917 818.908717507815 258.68001522084006
89.89999999999917 818.9093428198621 258.67936216437363
89.99999999999916 818.9099612464842 258.67871629745963
90.09999999999916 818.9105728635269 258.67807754093235
90.19999999999915 818.9111777459999 258.67744581649816
90.29999999999914 818.9117759680859 258.6768210467259
90.39999999999914 818.9123676031496 258.6762031550372
90.49999999999913 818.9129527237474 258.6755920656973
90.59999999999913 818.9135314016355 258.67498770380564
90.69999999999912 818.9141037077795 258.6743899952868
90.79999999999912 818.9146697123625 258.6737988668811
90.89999999999911 818.9152294847943 258.67321424613596
90.9999999999991 818.9157830937193 258.6726360613968
91.0999999999991 818.9163306070255 258.6720642417983
91.1999999999991 818.9168720918527 258.6714987172556
91.29999999999909 818.9174076146005 258.6709394184558
91.39999999999908 818.9179372409368 258.6703862768496
91.49999999999908 818.9184610358056 258.66983922464266
91.59999999999907 818.9189790634355 258.6692981947872
91.69999999999906 818.9194913873467 258.668763120974
91.79999999999906 818.9199980703597 258.6682339376243
91.89999999999905 818.9204991746026 258.6677105798814
91.99999999999905 818.9209947615187 258.66719298360306
92.09999999999904 818.9214848918743 258.6666810853535
92.19999999999904 818.921969625766 258.6661748223956
92.29999999999903 818.9224490226279 258.66567413268314
92.39999999999903 818.9229231412395 258.6651789548533
92.49999999999902 818.9233920397322 258.664689228219
92.59999999999901 818.9238557755971 258.66420489276175
92.69999999999901 818.9243144056916 258.66372588912384
92.799999999999 818.9247679862465 258.6632521586014
92.899999999999 818.9252165728732 258.662783643137
92.99999999999899 818.9256602205701 258.6623202853128
93.09999999999899 818.9260989837295 258.661862028343
93.19999999999898 818.9265329161447 258.6614088160675
93.29999999999897 818.9269620710159 258.6609605929444
93.39999999999897 818.9273865009573 258.6605173040437
93.49999999999896 818.9278062580032 258.6600788950403
93.59999999999896 818.9282213936148 258.6596453122072
93.69999999999895 818.928631958686 258.6592165024093
93.79999999999895 818.9290380035502 258.6587924130966
93.89999999999894 818.9294395779862 258.65837299229764
93.99999999999893 818.929836731224 258.6579581886136
94.09999999999893 818.9302295119516 258.65754795121137
94.19999999999892 818.9306179683203 258.65714222981785
94.29999999999892 818.9310021479512 258.6567409747135
94.39999999999891 818.9313820979403 258.6563441367263
94.4999999999989 818.9317578648651 258.65595166722574
94.5999999999989 818.9321294947896 258.6555635181168
94.6999999999989 818.9324970332707 258.65517964183414
94.79999999999889 818.9328605253631 258.6547999913362
94.89999999999888 818.9332200156254 258.6544245200993
94.99999999999888 818.933575548125 258.65405318211236
95.09999999999887 818.9339271664439 258.65368593187077
95.19999999999887 818.9342749136842 258.65332272437104
95.29999999999886 818.9346188324729 258.6529635151052
95.39999999999885 818.9349589649676 258.65260826005556
95.49999999999885 818.9352953528612 258.65225691568895
95.59999999999884 818.9356280373877 258.65190943895163
95.69999999999884 818.9359570593265 258.651565787264
95.79999999999883 818.936282459008 258.6512259185153
95.89999999999883 818.9366042763183 258.65088979105843
95.99999999999882 818.9369225507041 258.65055736370493
96.09999999999881 818.9372373211775 258.65022859571985
96.19999999999881 818.9375486263208 258.64990344681684
96.2999999999988 818.9378565042915 258.6495818771531
96.3999999999988 818.9381609928266 258.6492638473245
96.49999999999879 818.9384621292477 258.64894931836096
96.59999999999879 818.9387599504648 258.64863825172137
96.69999999999878 818.9390544929819 258.648330609289
96.79999999999878 818.9393457929004 258.6480263533669
96.89999999999877 818.9396338859245 258.6477254466732
96.99999999999876 818.9399188073647 258.64742785233636
97.09999999999876 818.9402005921429 258.64713353389106
97.19999999999875 818.9404792747961 258.6468424552734
97.29999999999875 818.940754889481 258.64655458081654
97.39999999999874 818.9410274699782 258.6462698752464
97.49999999999874 818.941297049696 258.6459883036773
97.59999999999873 818.9415636616749 258.6457098316077
97.69999999999872 818.9418273385913 258.64543442491583
97.79999999999872 818.942088112762 258.64516204985574
97.89999999999871 818.9423460161476 258.64489267305294
97.9999999999987 818.9426010803566 258.6446262615005
98.0999999999987 818.9428533366496 258.64436278255494
98.1999999999987 818.9431028159429 258.64410220393205
98.29999999999869 818.9433495488122 258.6438444937032
98.39999999999868 818.9435935654965 258.6435896202914
98.49999999999868 818.9438348959017 258.643337552467
98.59999999999867 818.9440735696043 258.64308825934455
98.69999999999867 818.944309615855 258.6428417103785
98.79999999999866 818.9445430635826 258.64259787535957
98.89999999999866 818.9447739413972 258.6423567244112
98.99999999999865 818.9450022775937 258.6421182279857
99.09999999999864 818.9452281001555 258.6418823568607
99.19999999999864 818.9454514367578 258.6416490821357
99.29999999999863 818.9456723147708 258.64141837522817
99.39999999999863 818.9458907612636 258.64119020787047
99.49999999999862 818.946106803007 258.6409645521061
99.59999999999862 818.9463204664769 258.64074138028633
99.69999999999861 818.9465317778579 258.64052066506696
99.7999999999986 818.946740763046 258.6403023794047
99.8999999999986 818.9469474476522 258.64008649655415
99.9999999999986 818.9471518570052 258.63987299006425
